source,layout_id,validation_mae,posterior_trace,scenario_cvar_trace,condition_number,coverage_penalty,rcss_score,rcss_validation_weight,rcss_trace_weight,rcss_cvar_weight,rcss_condition_weight,rcss_coverage_weight,auto_weight_selected,auto_weight_tuner_mae,budget,sensors,selected
random_validation_pool,4,3.6737639629624175,374.2915184802613,258.659608755512,1842.4944728354858,0.05707323504734229,0.130531718784383,1.0,0.0,0.0,0.0,0.0,False,3.302672364276991,0.1,"[0, 17, 20, 33, 46, 60, 73, 79, 82, 94, 103, 110, 114, 120, 143, 145, 151, 161, 175, 190, 210, 217, 219]",False
random_validation_pool,12,3.72302861978024,369.91289497490845,260.45007265107466,1790.6244004105245,0.07163745857764885,0.18452979453623067,1.0,0.0,0.0,0.0,0.0,False,3.2622023896488392,0.1,"[2, 23, 24, 30, 36, 57, 63, 66, 68, 77, 97, 103, 118, 122, 125, 126, 152, 157, 165, 190, 208, 209, 226]",False
random_validation_pool,19,3.6628940538984294,368.37757573070024,273.2794672696638,1664.7654293446203,0.061722900850955074,0.11861741325651853,1.0,0.0,0.0,0.0,0.0,False,3.325845335704604,0.1,"[0, 4, 13, 17, 37, 47, 50, 60, 65, 88, 100, 106, 108, 111, 129, 133, 153, 159, 180, 182, 202, 213, 218]",False
random_validation_pool,22,3.8179036841372254,379.5342351414865,261.64707464471473,2374.9476991353185,0.06528346361683103,0.2885205912458217,1.0,0.0,0.0,0.0,0.0,False,3.2350414835396086,0.1,"[0, 5, 22, 24, 35, 39, 43, 56, 77, 93, 110, 119, 152, 155, 166, 176, 185, 190, 191, 199, 202, 206, 208]",False
random_validation_pool,21,3.7900204363209773,369.54341274538433,262.74559397380114,1768.6003465756075,0.060293808208156704,0.2579582809600305,1.0,0.0,0.0,0.0,0.0,False,3.2850129026839254,0.1,"[1, 8, 17, 32, 39, 42, 48, 49, 55, 73, 75, 82, 85, 88, 118, 131, 151, 180, 186, 193, 199, 202, 207]",False
random_validation_pool,2,3.8250781046879947,370.716935255203,224.17804553239162,1751.0546280572844,0.059983480941211274,0.29638434042017714,1.0,0.0,0.0,0.0,0.0,False,3.285737099106062,0.1,"[4, 9, 21, 31, 52, 60, 69, 83, 88, 91, 103, 112, 138, 142, 148, 152, 172, 179, 180, 194, 197, 206, 214]",False
random_validation_pool,31,3.8668851951071277,383.64642434314,231.0027083969901,1792.9184435660457,0.06346839790846354,0.3422083160902969,1.0,0.0,0.0,0.0,0.0,False,3.2519648135954413,0.1,"[2, 10, 30, 43, 52, 64, 71, 75, 78, 95, 104, 110, 115, 122, 139, 149, 154, 161, 189, 205, 216, 221, 227]",False
random_validation_pool,26,3.801908640942111,370.68727522036755,261.81330114712387,1705.3245427826705,0.05846441315360787,0.27098872134367713,1.0,0.0,0.0,0.0,0.0,False,3.3175184644195705,0.1,"[9, 28, 33, 47, 55, 60, 62, 87, 119, 124, 133, 134, 135, 147, 148, 154, 174, 179, 183, 191, 208, 209, 225]",False
random_validation_pool,49,3.78621976044132,364.93174597983193,246.9028385384121,1640.4129138210528,0.05831734656558513,0.25379243068694585,1.0,0.0,0.0,0.0,0.0,False,3.340543928922651,0.1,"[8, 11, 19, 25, 44, 45, 53, 57, 60, 78, 83, 86, 88, 105, 106, 126, 128, 151, 178, 186, 190, 200, 222]",False
random_validation_pool,35,3.844574000274871,375.5807827690477,219.39113682259935,1667.593920390616,0.07096986833191725,0.3177534296364733,1.0,0.0,0.0,0.0,0.0,False,3.2876941653887473,0.1,"[14, 36, 54, 57, 59, 61, 82, 87, 91, 99, 101, 106, 131, 143, 151, 173, 183, 190, 195, 200, 213, 223, 227]",False
random_validation_pool,15,3.8178782810191882,382.49893020859463,243.82666690267328,2048.1536148910945,0.07328323300521895,0.28849274735974384,1.0,0.0,0.0,0.0,0.0,False,3.315813419396498,0.1,"[7, 26, 39, 59, 61, 63, 67, 68, 73, 75, 80, 85, 93, 100, 108, 122, 123, 128, 160, 179, 183, 211, 213]",False
random_validation_pool,6,3.8137396773464736,370.56824624593946,244.57654393111665,1615.895442725566,0.06407297665559153,0.2839565007062347,1.0,0.0,0.0,0.0,0.0,False,3.3219068522099775,0.1,"[19, 34, 36, 42, 49, 58, 73, 81, 90, 95, 106, 107, 110, 124, 128, 162, 165, 179, 201, 206, 213, 216, 218]",False
random_validation_pool,41,3.8775686129250966,376.8516014108517,261.9070000945406,1891.11152842313,0.0644941888387238,0.3539182120255635,1.0,0.0,0.0,0.0,0.0,False,3.2777843702174163,0.1,"[17, 27, 31, 51, 52, 55, 67, 75, 95, 96, 105, 112, 131, 140, 142, 152, 159, 169, 175, 179, 194, 212, 216]",False
random_validation_pool,11,3.859670796595415,379.4970829946673,254.2154372260628,1525.824888072136,0.0627572145276177,0.33430074781513225,1.0,0.0,0.0,0.0,0.0,False,3.300187294158861,0.1,"[3, 6, 7, 10, 12, 29, 82, 86, 87, 96, 109, 116, 130, 140, 144, 145, 153, 154, 165, 185, 189, 207, 217]",False
random_validation_pool,3,3.8884426949460535,375.5591645317095,260.0278347999588,1686.8646731770325,0.07022924758475706,0.36583709145409166,1.0,0.0,0.0,0.0,0.0,False,3.2728670105157085,0.1,"[5, 6, 9, 10, 47, 48, 52, 56, 59, 72, 84, 85, 88, 112, 127, 156, 158, 177, 184, 191, 196, 218, 221]",False
random_validation_pool,40,3.8166070444509366,377.26518748581566,237.52696664298145,1619.9295131475035,0.07138808509308604,0.2870993685574756,1.0,0.0,0.0,0.0,0.0,False,3.346694033585969,0.1,"[2, 24, 25, 30, 37, 50, 54, 64, 68, 75, 80, 86, 90, 96, 102, 137, 145, 151, 160, 176, 192, 210, 214]",False
random_validation_pool,27,3.8064628500175393,366.1824260446011,238.29954837727234,2000.418721785159,0.05261872743319493,0.2759805053634891,1.0,0.0,0.0,0.0,0.0,False,3.357116981000818,0.1,"[1, 2, 16, 17, 36, 43, 63, 66, 90, 106, 118, 128, 131, 147, 152, 162, 179, 184, 195, 196, 198, 215, 222]",False
random_validation_pool,37,3.8198762370134887,356.95815462079133,255.67096731268367,1415.0104076556026,0.05904678563237604,0.2906826698335377,1.0,0.0,0.0,0.0,0.0,False,3.3474891372563547,0.1,"[10, 12, 19, 22, 25, 35, 43, 45, 53, 91, 100, 101, 108, 110, 122, 134, 145, 162, 164, 196, 198, 200, 207]",False
random_validation_pool,18,3.841395702728662,380.64772987463743,240.6611251417911,2030.8048530614305,0.07491826405955068,0.3142697567003812,1.0,0.0,0.0,0.0,0.0,False,3.3462669381278913,0.1,"[27, 40, 79, 80, 92, 97, 113, 124, 128, 129, 133, 140, 156, 176, 178, 180, 183, 201, 203, 213, 217, 219, 220]",False
random_validation_pool,43,3.8389701798778235,373.584353985406,259.98350929079095,2024.1058963123128,0.060820603924544636,0.3116111861328091,1.0,0.0,0.0,0.0,0.0,False,3.3534337488838544,0.1,"[3, 15, 18, 25, 35, 37, 42, 43, 57, 64, 88, 90, 96, 98, 103, 109, 140, 169, 177, 186, 192, 211, 222]",False
random_validation_pool,16,3.821827650555792,367.0707530993565,268.7665821709106,1793.9112177070854,0.061339401505498874,0.29282157798974695,1.0,0.0,0.0,0.0,0.0,False,3.374369420721304,0.1,"[0, 4, 11, 19, 20, 37, 45, 72, 73, 83, 108, 111, 119, 122, 125, 137, 142, 143, 144, 164, 168, 189, 213]",False
random_validation_pool,10,3.860174386484427,373.6187716628506,239.16486427555313,1616.6729297968927,0.06295804549742834,0.3348527233434566,1.0,0.0,0.0,0.0,0.0,False,3.345806749827291,0.1,"[20, 37, 57, 58, 64, 77, 87, 95, 102, 108, 133, 136, 151, 153, 163, 164, 165, 170, 177, 182, 185, 198, 214]",False
random_validation_pool,20,3.9265278197304743,395.51859164427344,256.1072635576455,2528.857205204939,0.06023681955377944,0.4075814896893746,1.0,0.0,0.0,0.0,0.0,False,3.281394370880064,0.1,"[7, 8, 36, 56, 57, 64, 67, 75, 76, 101, 103, 110, 121, 122, 127, 128, 141, 178, 180, 184, 205, 206, 216]",False
random_validation_pool,13,3.8633113027608625,374.3851232588422,245.29983256249776,1557.1714252004965,0.06390457750435276,0.338291039037983,1.0,0.0,0.0,0.0,0.0,False,3.3762671779918416,0.1,"[5, 9, 14, 22, 34, 55, 60, 68, 82, 88, 98, 112, 113, 115, 119, 123, 129, 137, 165, 166, 168, 179, 218]",False
random_validation_pool,14,3.981209933300587,378.0126495543079,253.18543319952477,1932.2917860042055,0.06645400353767383,0.467517539213663,1.0,0.0,0.0,0.0,0.0,False,3.2594230311958614,0.1,"[9, 53, 54, 59, 61, 75, 76, 95, 101, 117, 124, 127, 129, 132, 139, 143, 154, 155, 174, 183, 197, 210, 219]",False
random_validation_pool,24,3.8673466890910815,371.4922020323041,254.25479514050343,1893.2850015349663,0.0595738916546974,0.342714151078587,1.0,0.0,0.0,0.0,0.0,False,3.393992950896461,0.1,"[10, 24, 31, 40, 43, 50, 53, 61, 64, 67, 70, 98, 126, 133, 137, 143, 149, 157, 170, 180, 193, 205, 219]",False
random_validation_pool,36,3.89472068157486,380.71045122794345,250.8969812498436,1903.3360813579325,0.0720264774898956,0.37271827604865765,1.0,0.0,0.0,0.0,0.0,False,3.368257671410796,0.1,"[8, 20, 78, 83, 85, 94, 97, 112, 121, 145, 148, 156, 161, 180, 181, 187, 190, 196, 199, 203, 204, 207, 213]",False
random_validation_pool,30,3.854796835383075,385.3262054334075,220.6671357100413,2206.885586010451,0.06605367688327231,0.32895848941417083,1.0,0.0,0.0,0.0,0.0,False,3.4109557492405225,0.1,"[10, 12, 18, 31, 91, 93, 94, 95, 102, 117, 127, 128, 130, 154, 161, 164, 175, 194, 202, 214, 218, 221, 227]",False
random_validation_pool,46,3.922469951259108,374.19096732161523,248.8115091354758,2015.346465374271,0.05801674254112198,0.40313373539123426,1.0,0.0,0.0,0.0,0.0,False,3.347354121707492,0.1,"[9, 11, 12, 17, 25, 27, 38, 43, 44, 69, 83, 85, 105, 109, 112, 143, 157, 185, 198, 201, 215, 218, 223]",False
random_validation_pool,32,3.9263807832612834,371.4780883023841,232.0603545175461,1863.0962337851838,0.0678366724734216,0.4074203257451901,1.0,0.0,0.0,0.0,0.0,False,3.3478262542608412,0.1,"[2, 11, 16, 19, 90, 97, 100, 103, 104, 105, 108, 117, 134, 162, 183, 186, 200, 203, 207, 213, 217, 219, 227]",False
random_validation_pool,23,3.9362655321724267,381.57978042284117,273.40201112868726,1936.394157699452,0.0603422886617222,0.4182548155187759,1.0,0.0,0.0,0.0,0.0,False,3.3447409976801663,0.1,"[6, 34, 50, 54, 66, 69, 70, 76, 77, 78, 87, 89, 97, 115, 131, 137, 146, 147, 154, 202, 203, 209, 211]",False
random_validation_pool,39,3.956185601610054,373.2365845215153,280.77300137708335,1854.1671808730396,0.06261534750339173,0.44008883381819747,1.0,0.0,0.0,0.0,0.0,False,3.326043775422347,0.1,"[27, 30, 34, 35, 49, 56, 64, 67, 105, 120, 126, 143, 145, 148, 152, 157, 158, 165, 171, 205, 208, 209, 211]",False
random_validation_pool,29,3.931604174307297,374.6886044998291,261.22861775023307,1723.0258442967495,0.06650034966824107,0.4131455876997631,1.0,0.0,0.0,0.0,0.0,False,3.353033727732643,0.1,"[5, 15, 29, 41, 43, 50, 57, 74, 83, 100, 109, 110, 112, 116, 130, 131, 135, 139, 160, 175, 186, 201, 212]",False
random_validation_pool,48,3.932086965359524,367.33312374175364,217.67223733928375,1666.2276446176995,0.06041664475131013,0.4136747660092123,1.0,0.0,0.0,0.0,0.0,False,3.411293977059987,0.1,"[0, 12, 23, 32, 45, 47, 56, 57, 75, 86, 91, 94, 104, 125, 128, 137, 151, 177, 208, 210, 216, 217, 224]",False
random_validation_pool,9,4.008676881166735,382.16995291997114,228.02290673865343,2146.3691080758363,0.05808081974666562,0.4976235508526549,1.0,0.0,0.0,0.0,0.0,False,3.3356285379132413,0.1,"[11, 34, 42, 45, 48, 57, 60, 61, 79, 82, 112, 128, 131, 132, 139, 141, 155, 182, 183, 187, 192, 203, 211]",False
random_validation_pool,0,3.9455018793972787,374.65051346814096,268.0614280861912,1987.8401458756784,0.06846839911089901,0.42837860424143476,1.0,0.0,0.0,0.0,0.0,False,3.4136921272589364,0.1,"[6, 7, 25, 26, 41, 46, 49, 72, 87, 100, 112, 120, 121, 137, 139, 155, 159, 170, 171, 192, 207, 215, 223]",False
random_validation_pool,8,3.934210544632043,374.4038382430808,238.46244355610915,1733.991758396428,0.059799920436007147,0.41600238182609645,1.0,0.0,0.0,0.0,0.0,False,3.4432847288318604,0.1,"[0, 2, 17, 29, 51, 54, 69, 98, 111, 124, 129, 144, 152, 156, 157, 163, 171, 172, 192, 196, 202, 214, 225]",False
random_validation_pool,38,4.003307524025372,375.19459643045195,261.05823266509327,2035.9137369927273,0.07329567821256087,0.4917382981707944,1.0,0.0,0.0,0.0,0.0,False,3.3769796482088457,0.1,"[0, 15, 30, 31, 33, 37, 47, 49, 55, 73, 89, 92, 101, 111, 112, 121, 124, 169, 177, 188, 201, 211, 223]",False
random_validation_pool,17,3.9690713069507653,375.0075951814572,243.35349023083933,1896.1653300460925,0.06167427494148329,0.45421261622221915,1.0,0.0,0.0,0.0,0.0,False,3.4164739961407657,0.1,"[17, 20, 37, 42, 57, 63, 68, 72, 75, 96, 115, 116, 123, 124, 139, 149, 165, 184, 201, 206, 207, 212, 225]",False
random_validation_pool,33,3.9954135798537194,371.39564809497654,264.452375806319,1640.7413276912766,0.061870637505852755,0.48308589251336687,1.0,0.0,0.0,0.0,0.0,False,3.4264218280354757,0.1,"[1, 9, 17, 32, 43, 46, 83, 93, 109, 110, 122, 131, 132, 134, 161, 181, 183, 186, 189, 212, 216, 223, 226]",False
random_validation_pool,47,3.944201148749827,367.01514898945715,250.64937277590684,1858.2781123087932,0.06785957693013162,0.42695289752650584,1.0,0.0,0.0,0.0,0.0,False,3.5001437052139206,0.1,"[14, 15, 16, 29, 37, 47, 52, 60, 83, 100, 106, 142, 148, 154, 163, 168, 176, 181, 201, 208, 215, 223, 225]",False
random_validation_pool,28,3.979554845086097,369.3908095956731,278.50053258368666,1969.534115264271,0.06315293216920202,0.46570342774806395,1.0,0.0,0.0,0.0,0.0,False,3.4656977030508656,0.1,"[6, 13, 20, 27, 38, 47, 66, 81, 112, 113, 127, 132, 133, 136, 142, 158, 172, 179, 181, 188, 200, 215, 226]",False
random_validation_pool,42,3.9977048170680445,365.7285455968457,228.12946412899342,1599.3819286791813,0.0674339467662724,0.48559727508773654,1.0,0.0,0.0,0.0,0.0,False,3.4733124337931023,0.1,"[26, 44, 80, 90, 91, 92, 104, 105, 107, 118, 138, 139, 140, 144, 156, 165, 186, 187, 194, 208, 212, 220, 227]",False
random_validation_pool,25,3.9858042410370254,370.2693538473221,270.90257617778826,1771.4501988457687,0.07052865402225843,0.4725532746313867,1.0,0.0,0.0,0.0,0.0,False,3.500380267202129,0.1,"[4, 9, 14, 24, 40, 41, 48, 50, 51, 53, 64, 66, 111, 115, 138, 145, 154, 178, 181, 184, 200, 205, 222]",False
random_validation_pool,44,4.004286775704982,377.8265863257849,271.58471931293377,1985.891718808291,0.10770563020016503,0.49281163775724934,1.0,0.0,0.0,0.0,0.0,False,3.5700656257900265,0.1,"[18, 31, 40, 41, 48, 75, 78, 87, 94, 97, 98, 102, 104, 141, 146, 150, 160, 166, 197, 215, 218, 225, 226]",False
random_validation_pool,45,4.057514968212217,400.7560247361698,236.4585824540996,3812.456520685454,0.06234651395797979,0.5511540713962035,1.0,0.0,0.0,0.0,0.0,False,3.5360063099295154,0.1,"[12, 15, 16, 27, 32, 33, 41, 48, 54, 95, 107, 121, 128, 136, 141, 154, 160, 169, 190, 205, 218, 220, 223]",False
random_validation_pool,34,4.251569042246927,382.9413270786407,275.1292897245076,1993.961923900844,0.06680070738736958,0.7638531393797666,1.0,0.0,0.0,0.0,0.0,False,3.377231630576204,0.1,"[31, 39, 40, 55, 61, 64, 77, 87, 92, 95, 96, 99, 101, 111, 126, 143, 146, 153, 160, 171, 177, 190, 204]",False
random_validation_pool,5,4.2063473614864,390.53326181450586,265.1228542350922,2635.738851078381,0.06483102980826724,0.7142864946274702,1.0,0.0,0.0,0.0,0.0,False,3.5362078298308846,0.1,"[7, 22, 26, 37, 58, 61, 67, 68, 69, 76, 96, 109, 120, 121, 123, 130, 135, 154, 164, 176, 193, 200, 210]",False
random_validation_pool,1,4.287167466904404,389.72764314860547,251.61962315148224,2254.002705159636,0.07726804119472626,0.8028719117708797,1.0,0.0,0.0,0.0,0.0,False,3.481049706140222,0.1,"[7, 26, 56, 59, 103, 111, 117, 120, 121, 130, 149, 155, 156, 164, 168, 169, 182, 196, 203, 209, 214, 226, 227]",False
random_validation_pool,7,4.174661419638886,391.47377939365253,252.77262434804697,3005.3941786531695,0.07104245179886057,0.6795561220100822,1.0,0.0,0.0,0.0,0.0,False,3.6537938969980583,0.1,"[4, 7, 19, 35, 37, 53, 54, 56, 67, 71, 76, 84, 89, 102, 105, 132, 134, 161, 209, 211, 218, 223, 226]",False
quality_coverage_sample,0,3.8922071364460393,374.0804924271825,254.4284491857202,1796.291814963345,0.058687528937967706,0.3699632258963008,1.0,0.0,0.0,0.0,0.0,False,3.336918153810694,0.1,"[12, 23, 45, 46, 55, 67, 85, 114, 132, 138, 147, 148, 154, 156, 162, 180, 181, 185, 200, 208, 217, 219, 221]",False
quality_coverage_sample,1,3.8229735885273355,380.4390810020552,230.8135557354627,2343.0284892723116,0.06092844881229009,0.29407761932630055,1.0,0.0,0.0,0.0,0.0,False,3.2176195258030025,0.1,"[5, 15, 17, 20, 38, 53, 59, 65, 69, 74, 85, 98, 104, 112, 113, 120, 122, 155, 158, 173, 191, 214, 221]",False
quality_coverage_sample,2,3.80175219668036,364.6424197873033,252.64307184955805,1514.3640889942649,0.05454130445042943,0.2708172456927209,1.0,0.0,0.0,0.0,0.0,False,3.3124346356228633,0.1,"[2, 18, 32, 38, 44, 64, 65, 70, 87, 91, 115, 125, 126, 134, 135, 136, 150, 169, 173, 185, 207, 209, 217]",False
quality_coverage_sample,3,3.6636354739767385,377.02350570867566,252.84638488300322,2278.674775996992,0.05672120945088852,0.11943007004007282,1.0,0.0,0.0,0.0,0.0,False,3.166922145528585,0.1,"[18, 32, 50, 52, 60, 65, 70, 82, 87, 105, 112, 117, 129, 133, 141, 172, 180, 184, 188, 208, 212, 213, 221]",False
quality_coverage_sample,4,3.9031428014677987,375.0650302388108,213.15050010123167,1593.9233795191592,0.06012751040991072,0.38194960530873523,1.0,0.0,0.0,0.0,0.0,False,3.2264343413479284,0.1,"[4, 5, 6, 11, 23, 24, 49, 55, 64, 96, 102, 123, 130, 154, 164, 171, 177, 185, 196, 199, 210, 214, 222]",False
quality_coverage_sample,5,3.843071997173364,368.6436583136648,271.3877226112629,1823.8875155340054,0.0628871202278167,0.3161071119212276,1.0,0.0,0.0,0.0,0.0,False,3.4247135265755877,0.1,"[0, 4, 18, 27, 28, 38, 54, 56, 65, 81, 84, 88, 117, 135, 144, 148, 153, 158, 162, 185, 192, 194, 200]",False
quality_coverage_sample,6,3.8234921595976736,377.89955717796465,244.62069105871277,1591.8894703048131,0.059696205526294226,0.29464601544935454,1.0,0.0,0.0,0.0,0.0,False,3.284502481935822,0.1,"[1, 9, 15, 39, 47, 57, 65, 70, 80, 104, 116, 117, 122, 134, 145, 151, 153, 194, 199, 205, 209, 210, 221]",False
quality_coverage_sample,7,3.894007714918583,373.39720630276673,255.5906641979926,2011.9527631864644,0.06105453581009599,0.37193680653276223,1.0,0.0,0.0,0.0,0.0,False,3.46463495820208,0.1,"[2, 18, 23, 37, 43, 67, 85, 88, 93, 115, 118, 125, 127, 140, 148, 151, 176, 184, 187, 199, 206, 209, 226]",False
quality_coverage_sample,8,4.024986817832348,367.18380176416514,255.35253215009953,1468.6656614413635,0.06207456668646729,0.5155005696418938,1.0,0.0,0.0,0.0,0.0,False,3.3628763001811284,0.1,"[17, 26, 38, 43, 53, 67, 98, 103, 104, 107, 121, 138, 146, 147, 148, 158, 163, 168, 179, 198, 209, 211, 219]",False
quality_coverage_sample,9,3.7999180059219904,382.4473775069738,249.64394531454073,2100.4336062087964,0.05349919724630792,0.26880682325376964,1.0,0.0,0.0,0.0,0.0,False,3.2909243266815027,0.1,"[9, 27, 29, 37, 39, 58, 62, 96, 103, 107, 112, 133, 138, 147, 150, 164, 173, 174, 178, 213, 214, 216, 217]",False
quality_coverage_sample,10,4.000991371078693,379.1226047331066,229.1383733681372,2678.952970604763,0.053746996897964694,0.4891996059247462,1.0,0.0,0.0,0.0,0.0,False,3.2888312688169328,0.1,"[10, 19, 22, 35, 58, 61, 64, 73, 79, 92, 102, 113, 121, 126, 132, 154, 161, 171, 177, 184, 185, 219, 224]",False
quality_coverage_sample,11,3.8815094087681374,370.32373212649463,221.68370030750197,1625.4689855278323,0.055219987163574465,0.35823764518922063,1.0,0.0,0.0,0.0,0.0,False,3.220868366429089,0.1,"[3, 6, 11, 13, 17, 54, 69, 73, 76, 99, 104, 110, 125, 129, 140, 165, 174, 185, 194, 207, 211, 220, 222]",False
quality_coverage_sample,12,3.887638160240776,372.85696019584583,227.1565377503476,1776.039933687492,0.054144370797468575,0.36495525589962485,1.0,0.0,0.0,0.0,0.0,False,3.287519062790426,0.1,"[2, 7, 30, 40, 53, 57, 60, 82, 94, 110, 114, 137, 142, 153, 165, 168, 170, 183, 187, 188, 216, 222, 224]",False
quality_coverage_sample,13,3.87060918459549,384.06602955626204,232.19018861203176,1990.8952595192934,0.05964856968669126,0.34629011183354713,1.0,0.0,0.0,0.0,0.0,False,3.2095689789774413,0.1,"[7, 8, 12, 28, 39, 64, 73, 75, 96, 108, 115, 118, 128, 130, 131, 157, 160, 161, 167, 171, 172, 183, 210]",False
quality_coverage_sample,14,3.737508414525204,371.25437947282734,229.30338019012413,1493.868528695225,0.059534410073200865,0.2004008287423783,1.0,0.0,0.0,0.0,0.0,False,3.157613305035487,0.1,"[15, 18, 50, 68, 70, 80, 81, 82, 83, 85, 94, 105, 119, 123, 126, 128, 129, 131, 133, 157, 171, 191, 205]",False
quality_coverage_sample,15,3.8759389006918767,380.2617181957959,254.78057327341008,1654.6655078162057,0.05433052138751064,0.3521319147019357,1.0,0.0,0.0,0.0,0.0,False,3.2600616369928375,0.1,"[36, 39, 45, 53, 58, 75, 92, 95, 102, 108, 110, 115, 122, 127, 141, 155, 168, 177, 179, 189, 191, 192, 215]",False
quality_coverage_sample,16,3.829106837965247,377.18351094488344,241.0786319985084,2313.259314084031,0.0575502072672967,0.30080016017293654,1.0,0.0,0.0,0.0,0.0,False,3.307220881221576,0.1,"[11, 15, 23, 28, 33, 46, 53, 54, 61, 64, 80, 81, 92, 125, 140, 144, 150, 157, 166, 180, 186, 205, 227]",False
quality_coverage_sample,17,3.7803160008210024,370.47834809018804,220.26959597307768,1731.926470239645,0.05896652791181701,0.24732142936895252,1.0,0.0,0.0,0.0,0.0,False,3.441626215849728,0.1,"[0, 1, 2, 3, 13, 23, 26, 29, 45, 55, 57, 87, 103, 128, 131, 140, 152, 156, 163, 165, 169, 180, 227]",False
quality_coverage_sample,18,3.9410172707326057,371.14714416939876,226.3454255986626,1755.5462478013335,0.05304682452922479,0.4234631079397371,1.0,0.0,0.0,0.0,0.0,False,3.5031858064407495,0.1,"[4, 16, 23, 30, 36, 41, 42, 57, 68, 71, 76, 104, 108, 132, 143, 150, 166, 174, 176, 180, 182, 223, 224]",False
quality_coverage_sample,19,3.9558647979650083,371.49768517577377,254.1592438121462,2140.052927876855,0.05226625092343168,0.43973720689850343,1.0,0.0,0.0,0.0,0.0,False,3.3314928432316173,0.1,"[1, 9, 18, 21, 22, 40, 53, 57, 59, 65, 85, 97, 100, 103, 116, 136, 137, 154, 173, 176, 199, 202, 208]",False
quality_coverage_sample,20,3.771675934974201,378.2513254307055,218.50569047638186,2022.5298798346873,0.06128079344203165,0.2378512135949585,1.0,0.0,0.0,0.0,0.0,False,3.4434830346398453,0.1,"[3, 4, 6, 7, 26, 50, 80, 81, 92, 108, 117, 123, 136, 145, 152, 156, 161, 162, 178, 188, 191, 211, 220]",False
quality_coverage_sample,21,3.80086480098914,372.9272683123882,231.88883237742422,1829.6969272223018,0.05631180052969844,0.2698445877498563,1.0,0.0,0.0,0.0,0.0,False,3.28018067965934,0.1,"[4, 11, 19, 59, 63, 68, 71, 84, 88, 97, 109, 113, 118, 119, 122, 142, 156, 171, 194, 201, 212, 220, 225]",False
quality_coverage_sample,22,3.7617180851792247,370.5551966373376,251.0667639913516,1566.6096922030958,0.0519145627846805,0.22693659929970336,1.0,0.0,0.0,0.0,0.0,False,3.371701177028047,0.1,"[9, 12, 35, 57, 65, 71, 81, 91, 105, 108, 113, 114, 127, 131, 147, 162, 163, 165, 166, 189, 208, 209, 219]",False
quality_coverage_sample,23,3.804001923502418,369.1894747583723,258.98152022729334,1967.9758041182604,0.05579933125037373,0.27328312949675676,1.0,0.0,0.0,0.0,0.0,False,3.214479807112194,0.1,"[30, 41, 45, 50, 65, 72, 74, 87, 98, 103, 104, 117, 136, 158, 176, 183, 190, 191, 195, 201, 204, 205, 222]",False
quality_coverage_sample,24,3.97060169851912,375.45429412520514,245.21163211701355,1763.6184552195025,0.0607842544935635,0.455890050008952,1.0,0.0,0.0,0.0,0.0,False,3.3021036800059673,0.1,"[6, 11, 13, 36, 43, 55, 56, 75, 76, 94, 99, 104, 110, 134, 136, 143, 157, 166, 173, 186, 192, 207, 215]",False
quality_coverage_sample,25,3.7920957037697605,365.1586649977198,235.1947308934154,1682.665078762505,0.057100421725933395,0.2602329430838149,1.0,0.0,0.0,0.0,0.0,False,3.3404596467379553,0.1,"[3, 11, 19, 20, 53, 59, 67, 77, 88, 94, 108, 109, 133, 141, 156, 157, 180, 186, 187, 193, 213, 226, 227]",False
quality_coverage_sample,26,3.729630087243673,370.16622166867694,239.01167095841043,1532.661139810511,0.06000352088627347,0.19176554046828925,1.0,0.0,0.0,0.0,0.0,False,3.2623515227867776,0.1,"[0, 16, 24, 29, 31, 45, 50, 84, 87, 113, 126, 141, 147, 158, 159, 189, 191, 204, 205, 206, 214, 216, 217]",False
quality_coverage_sample,27,3.7491726416563824,374.9564509373075,268.620013717946,1921.4980017920013,0.05492917038219234,0.21318577155737162,1.0,0.0,0.0,0.0,0.0,False,3.2728329239317975,0.1,"[0, 12, 19, 21, 24, 44, 58, 59, 77, 87, 90, 121, 127, 160, 162, 164, 165, 166, 171, 188, 191, 216, 217]",False
quality_coverage_sample,28,3.810710635644424,373.6644410589796,226.61720172306906,2152.1323875488174,0.06379778862648695,0.2806364243300281,1.0,0.0,0.0,0.0,0.0,False,3.3125309447657347,0.1,"[11, 44, 71, 74, 106, 108, 110, 112, 139, 141, 149, 150, 151, 155, 167, 170, 171, 178, 192, 201, 219, 224, 226]",False
quality_coverage_sample,29,3.7987333354129746,377.1015459694431,244.29775817024654,1911.9692279664603,0.056879859177581905,0.26750832790195245,1.0,0.0,0.0,0.0,0.0,False,3.4739788305826607,0.1,"[0, 9, 14, 23, 46, 48, 57, 64, 70, 78, 94, 95, 96, 110, 116, 128, 141, 147, 156, 182, 203, 216, 222]",False
quality_coverage_sample,30,3.7278652970652235,376.209961786514,242.83539921337342,1635.132248967668,0.05711416730907754,0.18983118671658394,1.0,0.0,0.0,0.0,0.0,False,3.2703766715775036,0.1,"[1, 4, 9, 13, 21, 37, 40, 52, 90, 95, 103, 106, 113, 116, 126, 128, 149, 167, 192, 196, 198, 206, 216]",False
quality_coverage_sample,31,3.785330129359885,388.7822140093249,268.50405310217485,2998.0796087465114,0.05338629437184785,0.2528173225743659,1.0,0.0,0.0,0.0,0.0,False,3.397301063817716,0.1,"[17, 25, 32, 57, 60, 62, 88, 115, 119, 121, 124, 136, 137, 140, 141, 151, 155, 160, 165, 178, 199, 208, 212]",False
quality_coverage_sample,32,3.7676732859758695,374.6799596082202,232.88977116653484,1514.896905068762,0.062270971917902616,0.23346398433607604,1.0,0.0,0.0,0.0,0.0,False,3.3134696552809206,0.1,"[23, 29, 34, 70, 92, 96, 99, 100, 104, 106, 113, 114, 134, 136, 137, 146, 160, 166, 176, 177, 195, 218, 220]",False
quality_coverage_sample,33,3.645417454459502,381.52200787173,255.16330718541826,2217.7623222399334,0.053478847965018346,0.09946163706025588,1.0,0.0,0.0,0.0,0.0,False,3.2377635321013534,0.1,"[4, 34, 40, 46, 54, 55, 91, 100, 112, 119, 126, 152, 159, 165, 171, 178, 183, 199, 206, 211, 215, 217, 221]",False
quality_coverage_sample,34,3.900779705058546,382.35759284747314,255.46077393363908,1911.702926495111,0.05966976261223726,0.37935945920485387,1.0,0.0,0.0,0.0,0.0,False,3.3326593812523173,0.1,"[8, 36, 42, 51, 54, 55, 61, 67, 79, 85, 87, 113, 123, 125, 139, 140, 148, 150, 176, 195, 211, 221, 222]",False
quality_coverage_sample,35,3.827306482918864,376.6410727214542,235.42084924437577,1724.1957259356466,0.0556100029336323,0.2988268244297425,1.0,0.0,0.0,0.0,0.0,False,3.2964976030628605,0.1,"[1, 8, 33, 36, 40, 46, 53, 68, 70, 74, 85, 95, 98, 118, 129, 167, 176, 181, 207, 209, 211, 221, 223]",False
quality_coverage_sample,36,4.100113697758729,374.69704929850286,251.4131528308553,1913.7166333990745,0.05579232318480881,0.5978457480172588,1.0,0.0,0.0,0.0,0.0,False,3.3103942350097455,0.1,"[25, 27, 28, 30, 49, 54, 71, 92, 97, 100, 122, 124, 129, 130, 149, 152, 156, 172, 179, 198, 206, 211, 216]",False
quality_coverage_sample,37,4.032837757793104,382.7062808690541,264.7331006639777,2179.152939479071,0.05439997367364461,0.5241058391821201,1.0,0.0,0.0,0.0,0.0,False,3.418912193345637,0.1,"[7, 9, 14, 45, 48, 51, 61, 66, 76, 113, 124, 140, 141, 149, 154, 156, 167, 184, 191, 197, 212, 213, 216]",False
quality_coverage_sample,38,4.187430260440199,392.0349355330452,267.88806561112654,3077.9963040862253,0.06707289902480466,0.6935518113620309,1.0,0.0,0.0,0.0,0.0,False,3.751761557421667,0.1,"[3, 7, 12, 17, 33, 37, 39, 54, 56, 60, 71, 98, 104, 111, 115, 117, 124, 133, 137, 156, 159, 194, 216]",False
quality_coverage_sample,39,3.8687856100023224,377.8944258504598,242.79807363942942,1971.8152148144288,0.06073284164892726,0.34429132557618736,1.0,0.0,0.0,0.0,0.0,False,3.2195768510313014,0.1,"[0, 6, 15, 39, 49, 55, 66, 68, 69, 70, 94, 100, 106, 118, 119, 126, 135, 138, 159, 179, 181, 187, 195]",False
quality_coverage_sample,40,3.6710833088985537,364.2952459437058,235.53917936919856,1301.229552736712,0.05265841653178444,0.12759350363066152,1.0,0.0,0.0,0.0,0.0,False,3.291300815713383,0.1,"[2, 13, 15, 19, 31, 36, 56, 67, 71, 101, 107, 114, 117, 122, 138, 165, 168, 169, 176, 186, 198, 219, 223]",False
quality_coverage_sample,41,4.000797550978656,372.52207627927373,259.2180419070485,1535.869816331563,0.06120030396172861,0.48898716331131775,1.0,0.0,0.0,0.0,0.0,False,3.3646049183771822,0.1,"[2, 36, 37, 46, 51, 67, 68, 82, 104, 126, 131, 138, 140, 142, 148, 161, 172, 180, 181, 183, 213, 216, 218]",False
quality_coverage_sample,42,3.719577804995648,369.3302377235892,222.00508546426036,1470.6829868332388,0.06173830851025505,0.18074742051436252,1.0,0.0,0.0,0.0,0.0,False,3.311840178954949,0.1,"[3, 4, 5, 10, 25, 29, 30, 34, 45, 52, 60, 65, 109, 117, 128, 129, 142, 150, 152, 158, 193, 208, 227]",False
quality_coverage_sample,43,3.8360240848863025,391.51359888866295,252.27341634379235,2382.8830836026764,0.06207366195073019,0.3083820261061277,1.0,0.0,0.0,0.0,0.0,False,3.335886686346805,0.1,"[25, 29, 38, 52, 56, 58, 60, 63, 84, 113, 116, 120, 121, 123, 127, 128, 147, 165, 169, 174, 176, 204, 205]",False
quality_coverage_sample,44,3.8221703391738764,376.17265713488723,242.1387948886202,2310.7227417162276,0.06322919954939855,0.2931971926220996,1.0,0.0,0.0,0.0,0.0,False,3.344811636879711,0.1,"[0, 2, 19, 41, 43, 51, 64, 81, 85, 94, 112, 120, 122, 135, 148, 157, 169, 176, 187, 189, 198, 206, 227]",False
quality_coverage_sample,45,3.726924419099321,361.71896232244075,280.7913652054984,2010.4059998782502,0.06230221390716101,0.18879990784532483,1.0,0.0,0.0,0.0,0.0,False,3.3961774277953007,0.1,"[2, 6, 14, 22, 42, 46, 50, 64, 67, 68, 88, 108, 112, 140, 141, 148, 157, 158, 188, 197, 203, 205, 213]",False
quality_coverage_sample,46,3.8184608803248143,385.5055115322706,250.6543186253496,2424.7606418613354,0.06523765858223517,0.2891313236428286,1.0,0.0,0.0,0.0,0.0,False,3.307766505697897,0.1,"[3, 18, 51, 52, 64, 65, 71, 74, 77, 94, 97, 112, 121, 126, 127, 139, 149, 150, 161, 193, 207, 209, 226]",False
quality_coverage_sample,47,3.717183983243899,367.6505026328428,221.34543969427645,1405.6566013250474,0.05375349683756363,0.17812359693297913,1.0,0.0,0.0,0.0,0.0,False,3.249158117155361,0.1,"[3, 8, 28, 29, 33, 38, 59, 65, 69, 89, 92, 95, 101, 102, 116, 151, 178, 184, 185, 186, 198, 214, 218]",False
quality_coverage_sample,48,3.740801954891991,375.44320991521454,245.4888523165101,1768.9969535160294,0.05262653550624443,0.20401081719465142,1.0,0.0,0.0,0.0,0.0,False,3.23670227479241,0.1,"[10, 12, 21, 38, 59, 63, 78, 99, 108, 113, 117, 128, 142, 152, 179, 182, 195, 196, 198, 205, 207, 221, 223]",False
quality_coverage_sample,49,3.8448391844725975,383.4180824373535,232.32715332717618,2229.8400416696286,0.05577422168212441,0.31804409311252235,1.0,0.0,0.0,0.0,0.0,False,3.4043406971630303,0.1,"[7, 18, 21, 30, 38, 67, 77, 101, 109, 116, 125, 137, 146, 159, 164, 178, 179, 201, 203, 205, 210, 214, 216]",False
degree,0,4.3088924482558095,415.35860234606383,299.8416692298402,2653.612119298633,0.19249031771790096,0.8266842605112503,1.0,0.0,0.0,0.0,0.0,False,3.7051941015174044,0.1,"[54, 57, 58, 65, 66, 67, 68, 69, 77, 81, 83, 85, 87, 95, 96, 99, 100, 107, 142, 143, 145, 146, 148]",False
top_variance,0,3.7629954561168675,428.14582382486185,265.6174003911401,2892.275368138406,0.11402190068683424,0.22833670187037813,1.0,0.0,0.0,0.0,0.0,False,3.2542866280062266,0.1,"[0, 1, 6, 7, 11, 15, 30, 39, 52, 59, 60, 71, 113, 114, 122, 125, 126, 129, 159, 190, 198, 205, 209]",False
coverage,0,4.1084025565229565,392.7843802220906,232.45241000370265,2869.330533772499,0.0688463342830867,0.6069310122281156,1.0,0.0,0.0,0.0,0.0,False,3.46304241323412,0.1,"[5, 13, 29, 42, 58, 96, 104, 111, 114, 123, 125, 130, 135, 137, 141, 149, 156, 166, 196, 218, 224, 226, 227]",False
greedy_a_trace,0,3.69609254655022,333.68568730254344,213.5585803991753,1338.3716123361567,0.055014330936499274,0.15500566473034227,1.0,0.0,0.0,0.0,0.0,False,3.2148699612821994,0.1,"[11, 31, 41, 44, 45, 48, 64, 75, 77, 100, 111, 118, 124, 146, 157, 165, 176, 186, 194, 206, 208, 222, 224]",False
greedy_d_logdet,0,4.2938811234211665,413.0920819780782,302.1942830882587,4945.235031069722,0.0657063514520037,0.8102306260415303,1.0,0.0,0.0,0.0,0.0,False,3.635728708212904,0.1,"[1, 13, 16, 21, 22, 25, 38, 42, 54, 57, 64, 108, 111, 142, 144, 179, 182, 188, 201, 204, 218, 224, 226]",False
robust_coverage_cvar,0,3.68380870643657,359.32176116899325,194.19545141584993,1584.3883126402063,0.05431007416591084,0.1415415756282238,1.0,0.0,0.0,0.0,0.0,False,3.114157904264512,0.1,"[6, 11, 14, 23, 41, 44, 54, 59, 65, 91, 94, 114, 123, 141, 154, 179, 188, 190, 202, 206, 217, 218, 227]",False
observability_proxy,0,4.058273413860601,396.4844911825184,293.6967585015618,2118.3843410665118,0.14209448914194547,0.5519853895910406,1.0,0.0,0.0,0.0,0.0,False,3.5975793340432483,0.1,"[10, 18, 54, 57, 58, 64, 65, 66, 68, 69, 77, 83, 84, 85, 87, 92, 95, 141, 142, 143, 145, 146, 148]",False
graph_sampling_laplacian,0,4.4670154981637165,442.72389495336654,300.0289679924847,4175.688620813583,0.29846259351961435,1.0,1.0,0.0,0.0,0.0,0.0,False,3.614342927777817,0.1,"[19, 38, 43, 110, 111, 113, 119, 121, 122, 125, 131, 135, 140, 159, 161, 180, 190, 191, 198, 199, 209, 211, 213]",False
qr_pod_modes,0,3.982590198229668,365.01259541461303,242.39062771858386,3372.656051194402,0.05758363303456148,0.4690304219781518,1.0,0.0,0.0,0.0,0.0,False,3.4115062209892506,0.1,"[16, 21, 25, 38, 46, 47, 64, 67, 82, 101, 108, 111, 114, 130, 151, 159, 181, 188, 193, 195, 204, 224, 226]",False
scenario_average_a_trace,0,3.924282217849476,365.38333590897497,197.0492845188581,1655.5513259318343,0.07524138174918896,0.40512012715665585,1.0,0.0,0.0,0.0,0.0,False,3.4509393074595764,0.1,"[34, 48, 57, 65, 84, 86, 88, 94, 114, 120, 129, 154, 167, 173, 188, 198, 206, 208, 216, 218, 224, 225, 227]",False
scenario_cvar_a_trace,0,3.833858557052377,360.45096552431585,190.90928943109785,1669.353378232276,0.06064468858177497,0.30600843124985033,1.0,0.0,0.0,0.0,0.0,False,3.2362693185010425,0.1,"[11, 28, 41, 54, 72, 78, 86, 94, 115, 118, 119, 122, 131, 141, 146, 154, 167, 179, 208, 209, 218, 220, 227]",False
swap_from_greedy_a_trace,0,3.5747743811325,329.4945791641849,205.7483087846637,1304.100025454339,0.04801845845535726,0.022031075857710254,1.0,0.0,0.0,0.0,0.0,False,3.1480327740662544,0.1,"[11, 19, 41, 45, 46, 47, 64, 77, 83, 88, 101, 108, 118, 146, 157, 162, 185, 194, 197, 199, 206, 222, 224]",False
swap_from_scenario_average,0,3.55634036925768,329.5432653521312,205.46032080166034,1243.5629334543066,0.04820632639479958,0.0018258976645907012,1.0,0.0,0.0,0.0,0.0,False,3.116077537383506,0.1,"[11, 19, 41, 45, 46, 47, 64, 83, 85, 88, 101, 108, 118, 146, 157, 162, 185, 194, 197, 198, 199, 206, 224]",False
swap_from_scenario_cvar,0,3.646956524680606,329.51847769739175,206.63661420786445,1314.9983105695999,0.04947889975507864,0.10114858335714978,1.0,0.0,0.0,0.0,0.0,False,3.17294124640777,0.1,"[11, 19, 41, 45, 46, 47, 64, 65, 85, 88, 101, 108, 118, 146, 157, 174, 185, 194, 199, 204, 206, 217, 224]",False
multistart_swap_by_validation,4,3.5546745280109677,330.69366911893735,205.46119022281997,1259.5672677273776,0.05456295119840306,0.0,1.0,0.0,0.0,0.0,0.0,True,3.1147268072123997,0.1,"[11, 19, 41, 45, 46, 47, 54, 55, 61, 65, 80, 88, 99, 108, 118, 146, 157, 186, 190, 191, 194, 217, 224]",True
validation_swap,1,3.275546719256037,343.5746811984915,213.07801459375355,1708.9462027052364,0.05970273746619256,0.0,1.0,0.0,0.0,0.0,0.0,,,0.1,"[11, 19, 21, 33, 41, 45, 46, 54, 55, 57, 61, 64, 65, 99, 108, 118, 186, 190, 191, 194, 201, 217, 224]",False
validation_swap,2,3.290307900659389,340.6661525868574,202.23410583383736,1705.6900327417588,0.04973455305596886,0.3411292630848502,1.0,0.0,0.0,0.0,0.0,,,0.1,"[11, 19, 21, 33, 41, 45, 46, 54, 64, 85, 88, 101, 108, 118, 162, 185, 194, 197, 198, 199, 201, 206, 224]",False
validation_swap,3,3.318818238298016,339.11048229908266,206.65159621287233,1466.373628409009,0.05057752336673497,1.0,1.0,0.0,0.0,0.0,0.0,,,0.1,"[11, 19, 21, 33, 41, 45, 46, 54, 64, 77, 83, 101, 108, 118, 162, 179, 185, 194, 197, 199, 206, 222, 224]",False
random_validation_pool,43,3.46685557014815,298.55802402812105,165.4251929026226,969.6492151044099,0.03953143408414647,0.10315155236373112,1.0,0.0,0.0,0.0,0.0,False,2.9861382661485356,0.2,"[3, 18, 20, 29, 34, 44, 45, 56, 65, 69, 79, 84, 87, 89, 92, 93, 96, 97, 99, 101, 104, 107, 110, 118, 119, 121, 126, 128, 132, 145, 156, 159, 169, 174, 175, 186, 188, 192, 193, 197, 202, 212, 213, 216, 221, 223]",False
random_validation_pool,5,3.524034471366356,293.5152759651488,158.94901821332513,842.4636554961556,0.04032653679556559,0.15769156317678845,1.0,0.0,0.0,0.0,0.0,False,2.9422493141128334,0.2,"[3, 5, 11, 20, 29, 33, 34, 35, 37, 44, 47, 48, 54, 71, 83, 91, 103, 104, 108, 109, 116, 122, 126, 129, 133, 134, 137, 140, 143, 154, 155, 160, 167, 170, 173, 178, 180, 185, 187, 189, 197, 200, 201, 202, 214, 221]",False
random_validation_pool,13,3.52573724454256,291.3442912681803,162.40121259244745,903.892226588629,0.038118961233200466,0.159315750866019,1.0,0.0,0.0,0.0,0.0,False,3.0049948840501672,0.2,"[0, 3, 15, 16, 19, 20, 27, 30, 33, 40, 50, 55, 57, 63, 68, 69, 74, 76, 83, 87, 88, 95, 97, 98, 108, 128, 132, 134, 136, 143, 145, 159, 163, 165, 174, 182, 189, 191, 199, 208, 214, 216, 221, 222, 225, 226]",False
random_validation_pool,44,3.547536526386958,299.203112098229,195.46199961934548,971.2787400221765,0.04015468549081757,0.1801089637851192,1.0,0.0,0.0,0.0,0.0,False,3.0455608823662037,0.2,"[0, 18, 19, 20, 34, 37, 51, 55, 59, 63, 69, 76, 78, 87, 88, 90, 91, 96, 103, 109, 112, 113, 117, 124, 130, 140, 154, 155, 159, 172, 176, 179, 180, 181, 185, 190, 191, 202, 204, 205, 209, 211, 218, 221, 222, 226]",False
random_validation_pool,26,3.5768725003587134,295.50940002826945,193.84202498894487,918.2711477372399,0.039096957292066865,0.2080910394029287,1.0,0.0,0.0,0.0,0.0,False,3.0238309095691402,0.2,"[9, 21, 23, 24, 30, 32, 38, 54, 55, 59, 63, 65, 76, 85, 86, 87, 88, 89, 90, 92, 97, 106, 108, 115, 117, 123, 125, 132, 138, 142, 150, 159, 172, 174, 176, 179, 181, 188, 198, 199, 203, 205, 210, 212, 213, 216]",False
random_validation_pool,22,3.492351829490705,297.92092449431664,183.22875131523182,908.4287309525857,0.03909999247197806,0.12747112183095127,1.0,0.0,0.0,0.0,0.0,False,3.11938002714133,0.2,"[8, 9, 10, 19, 22, 27, 28, 36, 38, 40, 44, 49, 53, 58, 65, 66, 67, 71, 72, 78, 102, 103, 105, 107, 114, 115, 125, 142, 144, 150, 152, 153, 154, 159, 160, 162, 167, 176, 180, 190, 191, 197, 203, 210, 213, 225]",False
random_validation_pool,31,3.5859945928295325,286.4485739128437,156.5234618879474,730.9472666480502,0.03693552228258811,0.2167921338870208,1.0,0.0,0.0,0.0,0.0,False,3.0452329934077866,0.2,"[7, 12, 14, 21, 26, 27, 28, 30, 33, 41, 47, 64, 71, 75, 76, 81, 95, 96, 103, 105, 119, 122, 123, 125, 130, 133, 137, 138, 139, 142, 146, 147, 158, 166, 173, 182, 185, 188, 189, 191, 198, 200, 203, 210, 220, 221]",False
random_validation_pool,33,3.5628879257568724,304.07859824540776,187.5491277242487,1046.866396015221,0.03635112117878025,0.19475187349119272,1.0,0.0,0.0,0.0,0.0,False,3.0752006397374476,0.2,"[10, 11, 21, 37, 40, 48, 55, 58, 59, 67, 75, 77, 82, 85, 88, 90, 97, 102, 106, 115, 119, 125, 126, 127, 134, 137, 138, 149, 159, 164, 166, 179, 188, 189, 194, 195, 196, 200, 206, 208, 209, 212, 215, 216, 218, 219]",False
random_validation_pool,29,3.62836003328281,295.8156700295725,156.6804616616113,982.0386552061011,0.040275982140776434,0.25720234694102717,1.0,0.0,0.0,0.0,0.0,False,3.027515034325446,0.2,"[3, 7, 9, 11, 15, 16, 18, 19, 20, 31, 32, 59, 68, 69, 81, 83, 87, 88, 89, 90, 102, 108, 114, 116, 117, 119, 121, 126, 130, 136, 137, 139, 144, 145, 148, 152, 153, 167, 169, 171, 172, 173, 190, 192, 195, 214]",False
random_validation_pool,23,3.573273066343827,302.77807514701055,189.1196084471572,998.9891397898665,0.038921269830217035,0.20465772456283354,1.0,0.0,0.0,0.0,0.0,False,3.095557803300737,0.2,"[1, 6, 8, 13, 16, 18, 28, 30, 34, 44, 49, 50, 54, 55, 61, 62, 65, 72, 76, 83, 90, 92, 94, 95, 96, 103, 104, 125, 130, 131, 137, 140, 153, 156, 160, 175, 180, 184, 189, 194, 197, 199, 200, 207, 209, 222]",False
random_validation_pool,1,3.639318183303611,316.9897794611895,198.16667019493084,1054.4638359305873,0.04626545102455418,0.26765476221820766,1.0,0.0,0.0,0.0,0.0,False,3.0900318947119345,0.2,"[2, 3, 9, 14, 15, 25, 27, 30, 36, 39, 50, 57, 61, 64, 78, 82, 88, 90, 102, 103, 104, 106, 107, 111, 119, 129, 131, 135, 147, 151, 169, 179, 180, 186, 191, 192, 194, 195, 198, 205, 206, 207, 208, 209, 211, 213]",False
random_validation_pool,47,3.6372270103456774,298.040264100669,204.47333060646193,985.7333473626128,0.042684971466283354,0.265660099968536,1.0,0.0,0.0,0.0,0.0,False,3.0953123833603473,0.2,"[3, 6, 26, 31, 38, 40, 42, 43, 52, 55, 57, 63, 64, 74, 87, 91, 93, 99, 107, 112, 117, 125, 131, 132, 136, 139, 145, 152, 155, 156, 157, 165, 173, 176, 177, 181, 185, 190, 195, 196, 199, 203, 205, 208, 209, 218]",False
random_validation_pool,27,3.648280251484392,298.9928431164831,176.4543905700852,845.5553728404881,0.04851961029546681,0.2762032177686536,1.0,0.0,0.0,0.0,0.0,False,3.087711141567988,0.2,"[1, 12, 17, 22, 24, 41, 47, 56, 58, 65, 67, 77, 80, 82, 84, 91, 99, 107, 111, 112, 113, 115, 117, 118, 127, 132, 141, 157, 161, 165, 167, 170, 176, 177, 185, 187, 188, 190, 192, 196, 202, 204, 209, 213, 224, 227]",False
random_validation_pool,42,3.719204544898888,299.61766746708304,161.8256391988686,1020.2348653539881,0.03873885066902425,0.34385425070776493,1.0,0.0,0.0,0.0,0.0,False,3.0205733578530656,0.2,"[7, 15, 21, 25, 30, 37, 46, 49, 53, 62, 63, 67, 70, 79, 83, 85, 89, 93, 96, 101, 108, 110, 112, 123, 127, 134, 137, 138, 145, 151, 157, 163, 165, 171, 175, 179, 181, 183, 190, 198, 207, 208, 211, 212, 214, 217]",False
random_validation_pool,14,3.6721705942646286,299.13992858508686,183.87684831655167,977.5320935637918,0.041853340897971374,0.2989909860853147,1.0,0.0,0.0,0.0,0.0,False,3.0804428721364543,0.2,"[0, 4, 9, 18, 22, 34, 35, 39, 41, 51, 71, 72, 84, 85, 95, 101, 111, 112, 114, 117, 119, 124, 125, 127, 134, 135, 142, 143, 151, 154, 160, 167, 176, 179, 181, 182, 184, 187, 196, 204, 205, 208, 210, 211, 221, 222]",False
random_validation_pool,34,3.6321421393822235,312.35804962567806,182.00971279707167,1092.1886567008871,0.040144820671253176,0.2608099032802255,1.0,0.0,0.0,0.0,0.0,False,3.121904091117598,0.2,"[3, 5, 9, 22, 23, 29, 30, 45, 51, 53, 55, 62, 67, 68, 73, 77, 85, 86, 88, 91, 92, 96, 101, 102, 108, 112, 116, 117, 119, 123, 132, 135, 136, 145, 147, 154, 155, 165, 172, 176, 179, 180, 184, 201, 211, 218]",False
random_validation_pool,11,3.69281234736182,300.00451856524677,199.9656917806736,939.4534991662925,0.04488664248855925,0.318680091911693,1.0,0.0,0.0,0.0,0.0,False,3.071760934061391,0.2,"[0, 2, 5, 11, 17, 18, 26, 27, 41, 48, 55, 60, 61, 63, 66, 69, 82, 89, 93, 94, 96, 99, 127, 136, 137, 138, 139, 143, 145, 148, 150, 158, 160, 176, 184, 188, 189, 191, 194, 195, 197, 202, 203, 211, 217, 218]",False
random_validation_pool,32,3.703143010229692,292.28027448463337,153.2420011404924,991.40729642323,0.04021492363014127,0.3285339794911273,1.0,0.0,0.0,0.0,0.0,False,3.0671737650610424,0.2,"[1, 3, 6, 12, 27, 28, 33, 43, 45, 51, 52, 58, 59, 63, 65, 72, 75, 76, 86, 90, 96, 97, 98, 102, 111, 118, 124, 130, 137, 140, 147, 154, 155, 161, 167, 174, 176, 177, 179, 188, 189, 210, 215, 219, 222, 224]",False
random_validation_pool,3,3.6854981497998094,296.3394255928969,156.4804007658325,789.9489269881211,0.04651138011325607,0.3117034553268352,1.0,0.0,0.0,0.0,0.0,False,3.0929856478838453,0.2,"[0, 12, 16, 24, 26, 27, 30, 35, 36, 38, 41, 51, 53, 56, 61, 63, 66, 72, 76, 86, 88, 91, 93, 98, 100, 107, 114, 116, 120, 122, 127, 129, 133, 138, 141, 146, 147, 158, 173, 190, 192, 198, 219, 220, 221, 223]",False
random_validation_pool,30,3.665402752661113,293.08814148580757,167.2642656180775,1213.7044048652583,0.04011698719873212,0.2925354903277419,1.0,0.0,0.0,0.0,0.0,False,3.113731090456615,0.2,"[15, 16, 17, 22, 25, 31, 35, 36, 41, 42, 44, 50, 55, 57, 58, 64, 69, 71, 76, 79, 85, 97, 113, 118, 121, 133, 135, 143, 144, 147, 149, 165, 171, 174, 179, 183, 185, 189, 191, 201, 202, 205, 206, 223, 224, 227]",False
random_validation_pool,15,3.695249999990659,301.0320465594153,162.8035998625487,1008.5285559825476,0.04242672517143705,0.3210052432857635,1.0,0.0,0.0,0.0,0.0,False,3.08599965655706,0.2,"[3, 10, 12, 17, 21, 47, 54, 56, 61, 66, 75, 76, 84, 88, 92, 93, 98, 113, 117, 119, 120, 121, 127, 129, 133, 134, 137, 143, 147, 151, 154, 155, 157, 166, 172, 182, 183, 185, 192, 195, 203, 206, 210, 219, 224, 226]",False
random_validation_pool,37,3.6819836861453177,297.90871994056,159.5417245105091,1009.349235745174,0.03600012056161279,0.30835118934000577,1.0,0.0,0.0,0.0,0.0,False,3.116676904115773,0.2,"[3, 7, 12, 23, 27, 30, 38, 45, 47, 48, 49, 54, 58, 59, 66, 72, 73, 74, 83, 91, 96, 97, 99, 103, 113, 119, 127, 129, 130, 132, 149, 151, 153, 161, 165, 169, 170, 171, 176, 179, 182, 209, 215, 216, 220, 226]",False
random_validation_pool,10,3.616360541833513,302.5582235579242,165.69913515642634,929.1841954013998,0.0410710072757122,0.2457566496741571,1.0,0.0,0.0,0.0,0.0,False,3.1878159026184396,0.2,"[9, 13, 14, 16, 22, 28, 29, 33, 44, 45, 46, 52, 55, 57, 61, 65, 70, 72, 77, 79, 81, 83, 92, 96, 103, 117, 122, 125, 127, 128, 130, 141, 147, 149, 165, 167, 172, 175, 180, 181, 182, 185, 189, 194, 205, 223]",False
random_validation_pool,7,3.582048482733309,294.98108644670026,204.65485872628878,798.6208216107793,0.03903275014591361,0.21302814257672562,1.0,0.0,0.0,0.0,0.0,False,3.23202144716594,0.2,"[2, 22, 26, 27, 31, 36, 39, 42, 44, 45, 51, 58, 64, 66, 67, 71, 83, 87, 92, 94, 98, 103, 108, 124, 127, 134, 136, 138, 148, 157, 158, 159, 161, 163, 167, 174, 178, 180, 183, 187, 189, 190, 203, 213, 216, 226]",False
random_validation_pool,17,3.6418949072944327,295.36191908343153,176.638058106884,942.7758572025386,0.051032294166859754,0.27011256660632244,1.0,0.0,0.0,0.0,0.0,False,3.180464338076138,0.2,"[2, 3, 5, 7, 8, 9, 12, 16, 19, 21, 23, 26, 29, 34, 35, 36, 43, 47, 49, 50, 73, 74, 76, 77, 84, 88, 93, 105, 108, 110, 115, 128, 129, 131, 134, 138, 143, 144, 145, 156, 158, 160, 171, 173, 197, 206]",False
random_validation_pool,24,3.6843381856441524,299.33206032523253,162.98855176231712,985.0128394558657,0.03916607987814659,0.3105970252233454,1.0,0.0,0.0,0.0,0.0,False,3.1434608530912445,0.2,"[20, 21, 28, 33, 34, 38, 43, 46, 52, 58, 60, 76, 83, 85, 86, 87, 96, 105, 106, 109, 112, 116, 117, 121, 129, 133, 139, 140, 144, 145, 146, 152, 154, 155, 163, 166, 184, 192, 194, 199, 203, 210, 214, 216, 220, 224]",False
random_validation_pool,21,3.654619966042575,296.34376295241964,157.4680902420346,901.9917113017228,0.038662588137357914,0.2822503451738388,1.0,0.0,0.0,0.0,0.0,False,3.1769540264999003,0.2,"[6, 14, 40, 42, 44, 49, 54, 59, 62, 63, 68, 72, 75, 78, 79, 91, 92, 96, 97, 100, 105, 106, 112, 116, 121, 124, 125, 127, 128, 132, 150, 157, 158, 165, 168, 170, 172, 181, 183, 190, 198, 199, 204, 220, 222, 225]",False
random_validation_pool,6,3.7329753736258016,303.26569533364886,166.17655089969924,1130.869843292177,0.04045448562897198,0.35698953543113543,1.0,0.0,0.0,0.0,0.0,False,3.106552546994508,0.2,"[6, 12, 25, 26, 29, 49, 58, 62, 66, 72, 85, 94, 98, 99, 105, 108, 109, 114, 121, 128, 129, 133, 134, 142, 143, 146, 147, 155, 157, 158, 164, 166, 175, 176, 181, 184, 188, 202, 207, 208, 209, 213, 216, 223, 224, 226]",False
random_validation_pool,45,3.677111614207002,292.0461011200554,155.37865511275348,1010.878275842387,0.0361740101884609,0.30370397068878213,1.0,0.0,0.0,0.0,0.0,False,3.1723993742251695,0.2,"[16, 23, 25, 26, 32, 34, 38, 50, 51, 54, 55, 57, 59, 62, 66, 73, 82, 86, 88, 94, 95, 100, 112, 119, 124, 126, 134, 136, 137, 143, 144, 149, 152, 164, 169, 172, 173, 175, 187, 189, 190, 195, 201, 216, 223, 224]",False
random_validation_pool,38,3.6989799633077003,304.463997223184,173.85006553771996,902.5571419796244,0.03748151042095761,0.32456306330870155,1.0,0.0,0.0,0.0,0.0,False,3.1632406563945032,0.2,"[4, 7, 24, 34, 36, 37, 41, 44, 49, 52, 60, 68, 84, 93, 95, 99, 105, 107, 110, 113, 121, 122, 126, 127, 141, 142, 148, 166, 171, 173, 182, 183, 186, 187, 191, 193, 195, 196, 198, 200, 204, 209, 211, 219, 222, 224]",False
random_validation_pool,2,3.737378617734608,289.2956788556935,158.9716374497238,838.3486404469475,0.043888995336753465,0.3611895633468584,1.0,0.0,0.0,0.0,0.0,False,3.1318346255237723,0.2,"[2, 14, 17, 18, 22, 28, 29, 42, 44, 48, 54, 56, 60, 64, 65, 69, 72, 78, 79, 92, 93, 96, 101, 104, 106, 107, 112, 128, 129, 132, 137, 138, 146, 149, 150, 161, 165, 169, 181, 189, 193, 203, 217, 220, 221, 226]",False
random_validation_pool,36,3.7278133812179526,287.2927454965045,158.02623166287037,887.272907287849,0.03826051407266887,0.3520657765665394,1.0,0.0,0.0,0.0,0.0,False,3.1504207808236546,0.2,"[7, 14, 15, 16, 21, 26, 35, 39, 48, 49, 53, 54, 65, 67, 68, 76, 79, 86, 90, 92, 99, 109, 112, 118, 119, 121, 129, 139, 142, 151, 160, 165, 178, 179, 183, 188, 189, 193, 194, 195, 198, 204, 210, 214, 219, 226]",False
random_validation_pool,28,3.689071366012581,303.25624274800117,186.4554265132404,1091.0132630017008,0.0381309739516477,0.315111762354951,1.0,0.0,0.0,0.0,0.0,False,3.1933112299563575,0.2,"[2, 8, 19, 20, 35, 41, 43, 44, 49, 51, 62, 64, 67, 71, 74, 77, 79, 81, 84, 88, 98, 103, 105, 106, 109, 110, 112, 118, 119, 121, 135, 136, 147, 149, 154, 158, 165, 169, 170, 171, 173, 181, 182, 206, 219, 221]",False
random_validation_pool,40,3.698908229437503,293.71669791927525,205.67359714808612,955.8619822405465,0.042704233707099935,0.3244946400621392,1.0,0.0,0.0,0.0,0.0,False,3.1866389660452734,0.2,"[19, 23, 24, 25, 28, 34, 38, 39, 41, 42, 43, 51, 63, 64, 66, 83, 87, 102, 105, 108, 110, 113, 114, 117, 132, 134, 135, 136, 137, 144, 153, 156, 158, 163, 164, 179, 181, 183, 192, 194, 200, 201, 206, 208, 216, 225]",False
random_validation_pool,0,3.7112099084847636,292.5292626531434,164.67954664881336,881.3924736688657,0.043906143618398674,0.33622857852478877,1.0,0.0,0.0,0.0,0.0,False,3.179654573496311,0.2,"[9, 20, 26, 28, 30, 35, 46, 47, 51, 53, 57, 64, 65, 70, 86, 88, 89, 97, 99, 103, 116, 120, 121, 135, 140, 141, 145, 150, 154, 157, 167, 168, 170, 175, 179, 180, 181, 186, 190, 206, 215, 217, 219, 224, 225, 226]",False
random_validation_pool,12,3.6994655568823003,297.50202575473645,159.21568763796154,998.3157954280166,0.04157467647270654,0.3250262460254936,1.0,0.0,0.0,0.0,0.0,False,3.207125087657406,0.2,"[6, 15, 16, 20, 21, 27, 32, 38, 43, 48, 50, 66, 67, 71, 72, 74, 77, 79, 81, 83, 95, 97, 98, 107, 110, 118, 120, 127, 128, 131, 135, 149, 150, 152, 154, 157, 158, 173, 174, 180, 186, 198, 199, 214, 216, 220]",False
random_validation_pool,8,3.69413474198932,294.0580965287832,193.72404584264993,820.5548930276661,0.03980324947563728,0.3199414560818039,1.0,0.0,0.0,0.0,0.0,False,3.221714688243742,0.2,"[2, 4, 14, 22, 31, 33, 35, 39, 54, 55, 56, 61, 62, 63, 76, 77, 79, 83, 94, 100, 102, 113, 118, 119, 126, 135, 144, 147, 150, 155, 156, 162, 172, 173, 174, 176, 181, 191, 193, 200, 201, 208, 215, 217, 218, 225]",False
random_validation_pool,18,3.743419283726888,313.37378176377325,174.9894085004874,1154.998477676105,0.04492103893157199,0.3669514437173773,1.0,0.0,0.0,0.0,0.0,False,3.1976166245449194,0.2,"[2, 5, 11, 16, 19, 26, 40, 55, 56, 70, 74, 77, 78, 80, 84, 85, 90, 99, 102, 103, 104, 109, 113, 123, 126, 134, 137, 141, 149, 154, 165, 166, 172, 179, 180, 182, 183, 185, 189, 193, 194, 197, 202, 203, 215, 222]",False
random_validation_pool,41,3.756593239964057,299.37219920909706,161.37958183107816,938.2509443524907,0.04330925851900722,0.379517402494444,1.0,0.0,0.0,0.0,0.0,False,3.1873372679259906,0.2,"[1, 19, 20, 25, 26, 27, 31, 33, 34, 47, 51, 53, 54, 55, 57, 60, 65, 70, 73, 81, 86, 87, 91, 94, 95, 97, 115, 116, 120, 148, 151, 153, 155, 161, 167, 169, 174, 175, 185, 186, 197, 205, 212, 214, 223, 227]",False
random_validation_pool,48,3.711664154895045,302.2230002110248,204.40705341611445,956.645593775777,0.04062341617912174,0.33666186079500937,1.0,0.0,0.0,0.0,0.0,False,3.2325247338931953,0.2,"[12, 16, 19, 21, 27, 29, 32, 33, 35, 36, 40, 43, 46, 59, 60, 66, 68, 74, 75, 77, 79, 106, 109, 113, 125, 129, 152, 160, 162, 163, 171, 173, 174, 180, 182, 184, 188, 195, 196, 200, 206, 210, 212, 217, 218, 222]",False
random_validation_pool,9,3.7230187977753415,296.08196350880365,191.96340931515562,811.4084649827811,0.041790817161506885,0.34749247020295276,1.0,0.0,0.0,0.0,0.0,False,3.2238277312400383,0.2,"[3, 4, 10, 12, 16, 20, 23, 33, 41, 43, 47, 49, 50, 53, 70, 72, 73, 74, 75, 84, 89, 91, 95, 97, 102, 113, 118, 121, 131, 146, 151, 154, 157, 160, 163, 166, 176, 179, 181, 182, 195, 196, 211, 217, 221, 223]",False
random_validation_pool,16,3.7093837561271914,302.2022271510662,161.11434254295204,924.9297393949267,0.04111274245405013,0.33448670578490886,1.0,0.0,0.0,0.0,0.0,False,3.2491538235135153,0.2,"[2, 4, 9, 10, 14, 16, 27, 30, 42, 43, 46, 51, 59, 70, 71, 72, 77, 97, 99, 103, 105, 106, 114, 127, 128, 131, 132, 142, 145, 146, 151, 157, 159, 161, 164, 170, 174, 189, 196, 198, 204, 207, 215, 218, 223, 227]",False
random_validation_pool,19,3.7852544256356566,301.45281895023504,198.3566737421744,1049.790434295801,0.04178307114964408,0.4068558322848078,1.0,0.0,0.0,0.0,0.0,False,3.1803363295277562,0.2,"[8, 16, 22, 36, 53, 54, 55, 56, 57, 60, 62, 63, 64, 67, 72, 83, 92, 93, 96, 110, 113, 114, 119, 120, 122, 124, 129, 130, 132, 135, 141, 142, 148, 151, 153, 156, 158, 171, 186, 193, 194, 199, 203, 204, 206, 209]",False
random_validation_pool,35,3.8455593788248197,295.59908456166806,167.46782830438298,946.7226955141465,0.042345075922707885,0.46437762317173403,1.0,0.0,0.0,0.0,0.0,False,3.1360416039895624,0.2,"[3, 5, 6, 8, 13, 26, 27, 38, 45, 53, 54, 61, 63, 65, 69, 71, 77, 78, 79, 82, 89, 97, 105, 111, 122, 125, 127, 129, 135, 137, 141, 142, 143, 157, 159, 173, 177, 193, 204, 205, 207, 212, 216, 217, 222, 224]",False
random_validation_pool,46,3.784214668750519,299.8464487255703,158.12380085363208,1156.7931610491473,0.04165720912363989,0.40586406170947004,1.0,0.0,0.0,0.0,0.0,False,3.2075239661911956,0.2,"[2, 5, 6, 16, 23, 26, 39, 42, 44, 48, 54, 56, 59, 61, 71, 74, 84, 86, 96, 109, 110, 112, 113, 115, 116, 129, 131, 134, 143, 144, 145, 151, 153, 160, 167, 170, 173, 182, 188, 196, 199, 202, 212, 218, 220, 227]",False
random_validation_pool,39,3.77184113352191,291.51943212762853,155.02460530635327,964.7224099529288,0.039999556766762374,0.3940615833339467,1.0,0.0,0.0,0.0,0.0,False,3.2432646287681473,0.2,"[13, 16, 18, 22, 23, 38, 43, 53, 57, 62, 63, 71, 76, 77, 80, 82, 84, 86, 96, 99, 105, 107, 108, 116, 117, 118, 125, 130, 138, 152, 154, 157, 158, 162, 169, 171, 177, 178, 180, 190, 191, 196, 198, 208, 215, 227]",False
random_validation_pool,20,3.797528447291823,312.8591391098492,184.5361251706816,1087.1856186630187,0.04128638092703339,0.418563389785648,1.0,0.0,0.0,0.0,0.0,False,3.2300630782494255,0.2,"[2, 3, 25, 27, 36, 37, 38, 43, 51, 56, 58, 59, 61, 65, 70, 83, 84, 85, 92, 93, 94, 109, 111, 113, 115, 119, 122, 127, 148, 155, 164, 170, 175, 176, 177, 184, 189, 192, 195, 196, 205, 210, 212, 217, 225, 227]",False
random_validation_pool,49,3.7851941312329362,297.00225094371376,158.77109174765025,979.9853459598429,0.03810595262664819,0.40679832055747,1.0,0.0,0.0,0.0,0.0,False,3.2492353434264363,0.2,"[9, 14, 15, 19, 26, 27, 34, 35, 36, 37, 41, 49, 51, 53, 62, 63, 69, 76, 79, 82, 92, 94, 100, 102, 110, 123, 125, 126, 127, 131, 132, 133, 139, 146, 164, 166, 172, 173, 181, 182, 199, 203, 213, 214, 218, 225]",False
random_validation_pool,25,3.7998226916704723,323.4132746193917,180.1572696050594,1487.6767828696527,0.041260169772720456,0.4207517514112381,1.0,0.0,0.0,0.0,0.0,False,3.25128953747621,0.2,"[0, 9, 10, 11, 22, 23, 24, 60, 68, 84, 89, 99, 101, 120, 121, 127, 130, 131, 135, 136, 137, 138, 139, 152, 158, 160, 164, 166, 167, 172, 176, 186, 187, 188, 192, 194, 197, 199, 203, 207, 208, 213, 217, 218, 219, 223]",False
random_validation_pool,4,3.796279847109075,302.1295475958515,195.36567393139543,1142.6508718873322,0.04042905411831673,0.417372414338107,1.0,0.0,0.0,0.0,0.0,False,3.3220161515195747,0.2,"[12, 19, 23, 25, 32, 40, 44, 46, 60, 65, 68, 78, 93, 94, 95, 98, 100, 116, 121, 136, 137, 139, 142, 144, 145, 148, 151, 153, 154, 166, 168, 170, 172, 178, 180, 181, 182, 192, 195, 196, 202, 204, 205, 211, 212, 216]",False
quality_coverage_sample,0,3.49630759813708,316.2910716785258,174.14739141628067,1123.6583575426096,0.03661656851069381,0.13124432593509985,1.0,0.0,0.0,0.0,0.0,False,3.030958329241625,0.2,"[0, 2, 9, 11, 13, 14, 15, 28, 33, 37, 40, 58, 64, 70, 71, 78, 81, 85, 101, 109, 113, 118, 120, 123, 125, 132, 134, 136, 137, 145, 149, 156, 159, 164, 172, 177, 180, 183, 189, 192, 206, 207, 213, 217, 221, 225]",False
quality_coverage_sample,1,3.5910527197779887,302.8079076531093,165.34813447984834,1158.1151754369293,0.03815593127604844,0.22161682083596793,1.0,0.0,0.0,0.0,0.0,False,3.144829883166468,0.2,"[1, 2, 6, 7, 13, 14, 16, 23, 27, 35, 36, 49, 52, 56, 57, 60, 66, 68, 69, 70, 75, 88, 90, 94, 97, 124, 125, 128, 133, 137, 141, 152, 160, 166, 170, 174, 183, 189, 191, 195, 196, 197, 204, 206, 214, 216]",False
quality_coverage_sample,2,3.5727647956466018,306.57001145843446,175.43740677990144,937.6730853333254,0.036244668788911,0.2041729113059851,1.0,0.0,0.0,0.0,0.0,False,3.067098976954498,0.2,"[1, 14, 21, 23, 25, 31, 36, 40, 42, 45, 52, 58, 60, 62, 66, 76, 81, 85, 98, 102, 114, 116, 120, 121, 123, 125, 129, 131, 133, 136, 137, 141, 142, 147, 148, 159, 166, 174, 179, 182, 196, 197, 203, 205, 214, 219]",False
quality_coverage_sample,3,3.5336354145085593,310.16944909953463,167.5137035485281,1183.9751490987087,0.037372151822080764,0.16684940866935952,1.0,0.0,0.0,0.0,0.0,False,2.9735205820665853,0.2,"[1, 2, 3, 18, 26, 28, 30, 37, 38, 52, 54, 55, 56, 60, 68, 70, 81, 99, 104, 105, 106, 112, 113, 119, 120, 132, 137, 141, 144, 145, 147, 164, 166, 168, 171, 176, 180, 184, 185, 188, 201, 205, 211, 212, 214, 225]",False
quality_coverage_sample,4,3.6037643084928987,291.0054088108494,161.14760281628665,849.9517185777581,0.03541724383570282,0.2337417510321009,1.0,0.0,0.0,0.0,0.0,False,3.1378745270284796,0.2,"[2, 13, 14, 15, 19, 20, 21, 23, 41, 44, 56, 60, 61, 66, 85, 92, 93, 99, 104, 106, 109, 118, 122, 123, 129, 132, 134, 140, 142, 145, 152, 154, 157, 161, 175, 179, 181, 186, 189, 192, 195, 197, 199, 200, 203, 220]",False
quality_coverage_sample,5,3.599437432129093,299.2770901810859,210.54667209711363,855.7060076915628,0.036776110366945766,0.22961456637760477,1.0,0.0,0.0,0.0,0.0,False,3.002388666104067,0.2,"[2, 3, 5, 14, 22, 28, 37, 43, 44, 54, 57, 61, 69, 70, 83, 84, 87, 88, 92, 98, 101, 110, 111, 115, 125, 126, 131, 133, 137, 143, 147, 148, 163, 176, 177, 178, 182, 185, 190, 196, 199, 206, 212, 216, 221, 226]",False
quality_coverage_sample,6,3.4437176127988276,306.51120231020417,167.87900368644227,1179.692794563001,0.03446189429173927,0.08108144578353893,1.0,0.0,0.0,0.0,0.0,False,2.9982158600699065,0.2,"[1, 12, 13, 15, 21, 24, 29, 34, 40, 53, 55, 63, 64, 65, 66, 72, 81, 89, 95, 97, 104, 110, 111, 112, 116, 118, 120, 122, 128, 129, 149, 152, 156, 160, 161, 163, 166, 173, 186, 190, 207, 216, 217, 218, 221, 223]",False
quality_coverage_sample,7,3.74859981287419,301.6027244463931,163.52477692109522,1122.063411828821,0.03620150232445521,0.371892883823632,1.0,0.0,0.0,0.0,0.0,False,3.1538922726809413,0.2,"[0, 1, 4, 10, 15, 16, 18, 31, 35, 45, 53, 54, 55, 72, 76, 81, 92, 96, 99, 105, 109, 110, 112, 120, 121, 124, 125, 137, 138, 139, 143, 148, 150, 161, 166, 170, 175, 178, 183, 187, 189, 206, 210, 217, 218, 224]",False
quality_coverage_sample,8,3.494801014500554,293.4055176235478,169.14126332571644,885.1648628146469,0.03561427452753517,0.12980727334968303,1.0,0.0,0.0,0.0,0.0,False,2.9739522899244015,0.2,"[2, 5, 11, 14, 18, 19, 23, 29, 39, 45, 55, 56, 60, 68, 76, 78, 84, 102, 111, 118, 120, 121, 124, 127, 128, 133, 135, 140, 148, 151, 153, 154, 161, 163, 165, 176, 177, 178, 180, 182, 183, 184, 197, 216, 219, 226]",False
quality_coverage_sample,9,3.5542279752730113,305.59265168232434,170.26906141456777,1220.6215568448363,0.0380268314015703,0.18649159246151917,1.0,0.0,0.0,0.0,0.0,False,3.0580880940593884,0.2,"[4, 6, 7, 9, 12, 13, 15, 23, 26, 28, 30, 36, 43, 47, 49, 52, 53, 65, 69, 82, 85, 99, 106, 107, 108, 112, 121, 123, 128, 133, 135, 136, 141, 142, 149, 155, 160, 172, 176, 179, 191, 196, 203, 205, 225, 226]",False
quality_coverage_sample,10,3.5348760435863893,297.4767190230007,174.01621970696993,916.970399942687,0.034865941708223616,0.16803278089020054,1.0,0.0,0.0,0.0,0.0,False,2.9244667070186945,0.2,"[2, 7, 11, 24, 28, 31, 37, 40, 42, 49, 56, 58, 60, 69, 78, 84, 85, 96, 99, 102, 106, 108, 114, 120, 121, 124, 129, 133, 134, 146, 148, 154, 159, 165, 169, 179, 184, 187, 193, 195, 201, 204, 211, 212, 221, 222]",False
quality_coverage_sample,11,3.636438579913588,301.70022465845045,189.68980555025348,894.2648033732985,0.03753590511167274,0.2649080567607205,1.0,0.0,0.0,0.0,0.0,False,3.075330333413845,0.2,"[1, 2, 7, 15, 22, 25, 30, 31, 35, 38, 61, 68, 73, 75, 87, 97, 103, 104, 115, 116, 118, 132, 135, 136, 145, 152, 158, 160, 163, 167, 169, 177, 183, 190, 193, 194, 195, 196, 201, 202, 205, 207, 211, 216, 217, 221]",False
quality_coverage_sample,12,3.5398481696995416,293.32106613040065,151.78711605031555,929.4193675161843,0.036517853405333,0.172775436068906,1.0,0.0,0.0,0.0,0.0,False,2.9813425038965065,0.2,"[3, 4, 5, 6, 18, 28, 32, 37, 38, 39, 49, 54, 60, 68, 72, 76, 81, 82, 84, 102, 103, 109, 114, 119, 122, 126, 129, 130, 131, 148, 152, 163, 165, 166, 174, 176, 188, 199, 200, 201, 212, 219, 220, 222, 223, 226]",False
quality_coverage_sample,13,3.62443917365171,312.03919346208266,188.9681274741382,1060.1981746909166,0.03716375423602508,0.2534624407497451,1.0,0.0,0.0,0.0,0.0,False,2.960547848367465,0.2,"[1, 5, 8, 19, 29, 30, 43, 52, 58, 60, 64, 69, 71, 74, 83, 84, 91, 92, 95, 105, 106, 113, 114, 115, 116, 121, 126, 138, 139, 142, 148, 156, 160, 164, 165, 166, 168, 176, 181, 182, 187, 188, 201, 209, 213, 222]",False
quality_coverage_sample,14,3.5492420558671736,300.9979391629173,184.91217621374904,1314.7422722466351,0.03509184151862979,0.1817357805708766,1.0,0.0,0.0,0.0,0.0,False,3.0459385767074916,0.2,"[6, 9, 12, 16, 19, 26, 28, 29, 33, 35, 51, 55, 57, 61, 65, 70, 75, 82, 85, 95, 98, 102, 108, 113, 122, 123, 133, 136, 143, 144, 147, 149, 154, 161, 171, 172, 179, 182, 192, 193, 195, 202, 204, 213, 218, 221]",False
quality_coverage_sample,15,3.487529082061734,294.274957797271,158.9143878593597,847.4032126133519,0.03675999870105937,0.12287095129040627,1.0,0.0,0.0,0.0,0.0,False,2.9906521033331224,0.2,"[8, 9, 10, 12, 19, 22, 28, 39, 43, 45, 51, 56, 61, 65, 67, 70, 74, 77, 80, 82, 83, 94, 99, 104, 108, 110, 112, 113, 117, 128, 129, 139, 143, 145, 148, 157, 161, 166, 171, 176, 183, 187, 188, 197, 198, 214]",False
quality_coverage_sample,16,3.6425631931207025,303.5555193279739,169.4623698818412,1165.660907831262,0.0377873091606873,0.2707500100586175,1.0,0.0,0.0,0.0,0.0,False,3.019333263864179,0.2,"[0, 1, 17, 18, 28, 32, 35, 39, 44, 46, 55, 59, 68, 75, 85, 90, 92, 99, 103, 112, 113, 128, 131, 136, 140, 143, 145, 152, 157, 160, 163, 164, 166, 174, 176, 179, 191, 199, 202, 203, 204, 209, 212, 224, 226, 227]",False
quality_coverage_sample,17,3.4386192477092967,292.1944906590446,155.58356419471272,885.8137854993734,0.034686632394307235,0.07621837774292065,1.0,0.0,0.0,0.0,0.0,False,2.9682485508616945,0.2,"[4, 10, 11, 12, 17, 23, 24, 32, 37, 38, 39, 40, 54, 55, 58, 63, 64, 75, 97, 100, 103, 104, 107, 109, 112, 113, 118, 132, 137, 139, 142, 149, 156, 162, 172, 173, 185, 187, 192, 194, 197, 198, 202, 214, 215, 222]",False
quality_coverage_sample,18,3.5280185156105843,297.9997057026351,162.16377098768885,1037.86294309069,0.03753011887572064,0.16149173791835417,1.0,0.0,0.0,0.0,0.0,False,3.0202984981417087,0.2,"[0, 11, 21, 26, 33, 36, 37, 44, 55, 57, 59, 74, 78, 92, 95, 105, 111, 114, 119, 125, 129, 131, 132, 133, 136, 145, 148, 152, 158, 161, 164, 174, 182, 183, 184, 188, 194, 201, 202, 206, 209, 213, 217, 219, 224, 227]",False
quality_coverage_sample,19,3.5447257267553214,297.45093690367895,157.10000527645866,1000.7064530786213,0.03298354833966001,0.17742788669135393,1.0,0.0,0.0,0.0,0.0,False,2.991095152459401,0.2,"[1, 4, 11, 15, 27, 28, 34, 37, 38, 46, 47, 49, 57, 60, 75, 78, 85, 94, 105, 107, 112, 115, 118, 120, 126, 128, 133, 148, 159, 161, 162, 165, 166, 168, 175, 176, 177, 182, 183, 188, 204, 211, 212, 221, 223, 227]",False
quality_coverage_sample,20,3.581062970008739,297.56819560054817,168.89581503011493,906.5030893229307,0.034891833829248764,0.21208811271414868,1.0,0.0,0.0,0.0,0.0,False,3.0445010114818483,0.2,"[2, 5, 15, 17, 21, 27, 30, 36, 37, 45, 58, 61, 63, 66, 72, 73, 77, 87, 88, 90, 91, 95, 110, 114, 115, 117, 119, 140, 143, 144, 145, 148, 155, 160, 162, 165, 168, 172, 187, 192, 193, 200, 206, 208, 214, 218]",False
quality_coverage_sample,21,3.7461448873318974,307.07575772243445,180.99473426132386,1034.4190508055003,0.035777663207655394,0.36955125670647315,1.0,0.0,0.0,0.0,0.0,False,3.0963852907318135,0.2,"[2, 3, 4, 6, 17, 24, 32, 34, 35, 38, 50, 52, 68, 69, 71, 74, 75, 83, 88, 89, 99, 113, 116, 120, 121, 123, 125, 129, 130, 138, 140, 149, 154, 155, 158, 172, 176, 179, 180, 182, 185, 197, 202, 206, 217, 222]",False
quality_coverage_sample,22,3.5628495507925755,298.5882493291722,174.4777435827645,1018.0291482372711,0.03514591329723297,0.1947152695879502,1.0,0.0,0.0,0.0,0.0,False,3.0018266372253977,0.2,"[6, 7, 9, 14, 17, 19, 20, 36, 48, 50, 51, 52, 53, 58, 69, 82, 89, 91, 95, 102, 103, 111, 119, 121, 126, 128, 132, 134, 135, 139, 140, 143, 146, 152, 153, 161, 164, 174, 178, 188, 192, 201, 206, 212, 213, 221]",False
quality_coverage_sample,23,3.636144658722609,294.4187402753065,184.350674192394,891.554976589156,0.03561814074552429,0.2646277004650829,1.0,0.0,0.0,0.0,0.0,False,3.1219665545417077,0.2,"[6, 11, 12, 13, 14, 19, 23, 25, 31, 35, 45, 57, 64, 66, 69, 71, 72, 84, 87, 91, 94, 100, 104, 110, 112, 114, 115, 120, 123, 125, 130, 137, 144, 162, 168, 173, 174, 178, 184, 195, 198, 205, 210, 215, 221, 226]",False
quality_coverage_sample,24,3.485987632735305,301.2850525140792,182.36018085885445,1011.2611343762117,0.03853488560928616,0.12140064211796546,1.0,0.0,0.0,0.0,0.0,False,3.0174325438338245,0.2,"[6, 7, 8, 12, 18, 22, 23, 34, 45, 47, 52, 55, 57, 65, 66, 69, 70, 80, 82, 84, 85, 94, 101, 111, 121, 125, 135, 136, 149, 150, 153, 154, 161, 164, 167, 169, 171, 181, 182, 186, 192, 198, 200, 207, 221, 222]",False
quality_coverage_sample,25,3.5348534788102928,296.99644114810934,157.99133821804816,949.1282882293316,0.03572048255148185,0.16801125751171514,1.0,0.0,0.0,0.0,0.0,False,3.0942111983175176,0.2,"[0, 5, 8, 10, 11, 12, 18, 21, 22, 30, 37, 45, 48, 60, 65, 71, 74, 84, 91, 94, 95, 98, 100, 113, 115, 124, 125, 128, 131, 149, 152, 156, 160, 161, 162, 164, 167, 182, 183, 191, 196, 199, 215, 224, 225, 227]",False
quality_coverage_sample,26,3.567647182092541,294.3767448349819,193.21248341758854,923.7459286897644,0.03671008405225788,0.19929148314579082,1.0,0.0,0.0,0.0,0.0,False,3.0542560869748634,0.2,"[1, 3, 4, 10, 13, 17, 18, 19, 20, 24, 45, 49, 50, 52, 53, 66, 67, 75, 84, 90, 92, 94, 97, 100, 109, 117, 119, 120, 121, 124, 130, 132, 141, 142, 154, 164, 170, 171, 174, 176, 179, 180, 189, 190, 212, 219]",False
quality_coverage_sample,27,3.7794911187137337,290.0524784325679,156.1805652264648,892.5130716041812,0.037395942590113085,0.40135851045553556,1.0,0.0,0.0,0.0,0.0,False,3.21925615072307,0.2,"[1, 4, 5, 14, 19, 21, 26, 32, 43, 63, 64, 65, 70, 83, 84, 101, 103, 111, 115, 123, 124, 127, 128, 130, 131, 132, 148, 154, 159, 160, 164, 166, 167, 177, 182, 183, 186, 196, 200, 201, 202, 205, 211, 212, 216, 227]",False
quality_coverage_sample,28,3.593926550329518,308.5412179611682,177.55205515394772,1277.0107363095622,0.0377653647129588,0.22435801987995033,1.0,0.0,0.0,0.0,0.0,False,3.0502813426538036,0.2,"[2, 3, 5, 13, 19, 26, 34, 36, 38, 47, 51, 58, 61, 75, 77, 81, 84, 85, 87, 91, 98, 113, 118, 119, 120, 130, 137, 140, 144, 145, 147, 148, 152, 158, 159, 166, 175, 176, 183, 184, 191, 211, 212, 214, 216, 224]",False
quality_coverage_sample,29,3.5086724122731585,294.5239638446376,161.9973116654428,836.8292037019756,0.03591919568329693,0.14303848570934244,1.0,0.0,0.0,0.0,0.0,False,2.9924763214437755,0.2,"[3, 7, 12, 14, 15, 16, 19, 23, 29, 34, 36, 47, 52, 56, 71, 92, 95, 97, 104, 107, 110, 113, 116, 119, 123, 124, 138, 143, 145, 148, 152, 157, 167, 171, 173, 174, 181, 186, 190, 192, 197, 201, 205, 212, 221, 227]",False
quality_coverage_sample,30,3.538554616213219,293.12537841900587,151.97277948197944,993.9350578071183,0.036116590984601044,0.17154158197887961,1.0,0.0,0.0,0.0,0.0,False,2.93952424508044,0.2,"[3, 6, 7, 9, 13, 28, 38, 41, 42, 48, 54, 55, 56, 59, 64, 68, 82, 90, 97, 105, 113, 117, 118, 121, 123, 124, 125, 127, 131, 133, 137, 143, 149, 165, 173, 175, 178, 198, 201, 205, 207, 217, 218, 222, 223, 227]",False
quality_coverage_sample,31,3.3981236060644053,287.57266056204844,156.46332302566952,794.8029807083667,0.03680147981641432,0.037591669531696334,1.0,0.0,0.0,0.0,0.0,False,2.912026918320867,0.2,"[1, 2, 6, 21, 27, 32, 33, 36, 41, 49, 52, 55, 66, 69, 71, 74, 77, 79, 82, 92, 94, 95, 108, 114, 117, 123, 128, 131, 132, 135, 141, 143, 147, 149, 157, 158, 163, 169, 190, 191, 192, 193, 197, 211, 214, 217]",False
quality_coverage_sample,32,3.729909813437408,307.0298295126054,162.48533496836166,1093.9013355083175,0.039228065427757815,0.35406545535507694,1.0,0.0,0.0,0.0,0.0,False,3.1000660142654857,0.2,"[0, 7, 12, 14, 29, 37, 46, 50, 54, 55, 57, 58, 62, 65, 72, 77, 84, 91, 94, 98, 99, 104, 109, 118, 130, 135, 137, 138, 141, 160, 162, 164, 169, 176, 180, 182, 184, 186, 187, 188, 192, 197, 201, 213, 224, 226]",False
quality_coverage_sample,33,3.3923672966039584,299.5742856305518,187.54211879148647,1014.4360350123546,0.037159282921465815,0.032101022220759286,1.0,0.0,0.0,0.0,0.0,False,2.8366799560004754,0.2,"[0, 1, 5, 12, 15, 19, 20, 24, 28, 39, 43, 60, 65, 66, 73, 74, 84, 88, 92, 106, 112, 114, 115, 117, 119, 126, 144, 145, 147, 158, 160, 173, 175, 176, 184, 187, 188, 194, 199, 204, 205, 208, 210, 211, 222, 223]",False
quality_coverage_sample,34,3.5804881614861324,304.6750833239975,168.75243963011235,966.1955962550207,0.035111227881819744,0.21153983245044167,1.0,0.0,0.0,0.0,0.0,False,3.013883714496107,0.2,"[0, 1, 3, 6, 18, 25, 28, 30, 34, 43, 44, 51, 55, 61, 62, 66, 69, 81, 83, 90, 93, 96, 122, 126, 128, 131, 140, 141, 142, 147, 148, 156, 160, 161, 165, 174, 175, 178, 179, 194, 205, 207, 209, 210, 220, 225]",False
quality_coverage_sample,35,3.5293861267559437,304.14904095759357,163.85892055666602,1031.573649808778,0.035481580922465686,0.16279623179750913,1.0,0.0,0.0,0.0,0.0,False,2.999716810430394,0.2,"[6, 8, 10, 11, 12, 13, 16, 25, 28, 32, 41, 51, 59, 79, 83, 87, 91, 96, 106, 110, 114, 115, 121, 125, 126, 127, 128, 137, 148, 149, 151, 156, 165, 169, 174, 185, 188, 195, 196, 201, 205, 206, 207, 215, 219, 222]",False
quality_coverage_sample,36,3.4711746287218768,301.73899493704465,188.2080536233406,895.0072411943266,0.03710129643957144,0.10727128003066101,1.0,0.0,0.0,0.0,0.0,False,2.95377601157588,0.2,"[1, 2, 6, 7, 8, 13, 28, 31, 38, 45, 52, 56, 65, 73, 87, 91, 94, 96, 104, 112, 115, 116, 124, 135, 136, 137, 140, 141, 142, 145, 148, 158, 163, 166, 179, 191, 195, 196, 198, 202, 207, 209, 211, 216, 218, 222]",False
quality_coverage_sample,37,3.6417164089394487,296.40064051305535,190.93058851072,824.6582756030614,0.03734894481708567,0.2699423062130038,1.0,0.0,0.0,0.0,0.0,False,3.1434151219223683,0.2,"[1, 10, 15, 19, 20, 43, 47, 52, 56, 58, 61, 69, 76, 77, 81, 87, 88, 90, 92, 104, 109, 113, 115, 119, 124, 135, 138, 139, 143, 145, 149, 152, 153, 157, 163, 181, 182, 189, 200, 205, 206, 212, 213, 215, 217, 221]",False
quality_coverage_sample,38,3.647813091583727,312.3933781460056,183.8623714359425,1358.8948211684856,0.0385426112573221,0.2757576179846271,1.0,0.0,0.0,0.0,0.0,False,3.1040129084684005,0.2,"[1, 5, 11, 15, 26, 32, 37, 39, 44, 46, 50, 52, 53, 55, 71, 79, 81, 85, 93, 95, 104, 107, 108, 116, 118, 122, 125, 129, 134, 135, 136, 141, 146, 148, 151, 153, 154, 157, 161, 178, 185, 199, 203, 204, 205, 217]",False
quality_coverage_sample,39,3.6140635601009414,299.2641574709365,179.44220677551067,931.7342828271321,0.03863829312218381,0.24356567702755513,1.0,0.0,0.0,0.0,0.0,False,3.0579544077113434,0.2,"[0, 2, 3, 7, 15, 19, 26, 32, 37, 39, 42, 43, 49, 54, 58, 61, 70, 76, 77, 90, 100, 112, 113, 118, 121, 124, 126, 128, 140, 145, 151, 153, 162, 163, 166, 167, 176, 185, 189, 192, 201, 207, 208, 213, 217, 222]",False
quality_coverage_sample,40,3.568585320481061,299.34658245708954,166.96391504036126,851.6077708680497,0.03338288395448669,0.20018632506761716,1.0,0.0,0.0,0.0,0.0,False,3.0032611283409025,0.2,"[0, 4, 8, 9, 14, 23, 26, 27, 30, 37, 45, 62, 65, 66, 71, 79, 96, 99, 103, 104, 113, 116, 117, 118, 123, 126, 133, 134, 141, 146, 152, 155, 157, 158, 170, 175, 187, 191, 193, 197, 199, 203, 211, 215, 216, 217]",False
quality_coverage_sample,41,3.5932585765260034,309.20003586874907,181.32081065066058,1042.7320221368523,0.03826342803932483,0.2237208740501013,1.0,0.0,0.0,0.0,0.0,False,3.0810834365231488,0.2,"[0, 1, 2, 4, 15, 19, 29, 37, 44, 49, 55, 58, 60, 69, 74, 75, 81, 85, 99, 103, 109, 112, 113, 127, 128, 139, 140, 147, 148, 149, 157, 162, 164, 166, 168, 171, 176, 181, 185, 190, 192, 200, 212, 213, 220, 226]",False
quality_coverage_sample,42,3.622426942197785,290.7592186475357,155.00767371252257,824.6595954984023,0.03857977039284825,0.25154307673754367,1.0,0.0,0.0,0.0,0.0,False,3.1058022771592446,0.2,"[4, 5, 14, 17, 23, 25, 26, 29, 41, 43, 49, 52, 54, 56, 58, 61, 72, 82, 83, 89, 92, 96, 112, 113, 120, 125, 130, 134, 142, 152, 159, 160, 172, 180, 184, 186, 188, 191, 195, 202, 203, 205, 208, 224, 226, 227]",False
quality_coverage_sample,43,3.4727612055070294,305.2432061787405,189.15437211943518,1033.5182128296235,0.03987699755953692,0.10878463396321991,1.0,0.0,0.0,0.0,0.0,False,2.879026772524966,0.2,"[0, 1, 2, 5, 6, 9, 14, 18, 19, 35, 39, 43, 46, 50, 68, 70, 71, 81, 91, 102, 105, 109, 115, 117, 118, 120, 124, 126, 132, 137, 143, 146, 149, 151, 153, 155, 163, 173, 176, 178, 180, 192, 196, 213, 222, 223]",False
quality_coverage_sample,44,3.5975933642391165,309.93070472578904,160.98735557605136,914.0741312160252,0.03907880439496224,0.227855604933496,1.0,0.0,0.0,0.0,0.0,False,3.0611993306796244,0.2,"[0, 2, 3, 6, 10, 20, 28, 31, 49, 55, 56, 59, 63, 66, 67, 72, 81, 94, 98, 99, 101, 104, 109, 113, 116, 118, 120, 121, 128, 132, 133, 135, 145, 156, 164, 169, 175, 176, 177, 184, 185, 191, 192, 197, 218, 227]",False
quality_coverage_sample,45,3.665046134758049,299.9114100875046,170.4844286043234,962.940615579746,0.03662505149914847,0.29219533086551286,1.0,0.0,0.0,0.0,0.0,False,3.030516378379093,0.2,"[5, 12, 14, 22, 26, 32, 36, 39, 41, 52, 54, 56, 58, 70, 79, 80, 87, 104, 109, 111, 114, 116, 117, 129, 131, 134, 136, 140, 141, 142, 156, 167, 169, 173, 184, 187, 198, 201, 202, 208, 211, 217, 218, 221, 222, 225]",False
quality_coverage_sample,46,3.643750714865154,301.18234151670674,198.49303309561935,906.6948539906421,0.03707880895645946,0.27188272592763985,1.0,0.0,0.0,0.0,0.0,False,3.07921272180722,0.2,"[0, 7, 12, 13, 23, 32, 37, 38, 39, 44, 49, 51, 64, 65, 74, 81, 83, 92, 93, 95, 96, 104, 110, 113, 123, 124, 127, 137, 143, 146, 157, 159, 164, 167, 172, 177, 182, 183, 186, 195, 202, 205, 207, 216, 221, 223]",False
quality_coverage_sample,47,3.5787271385139277,310.090753455956,196.75860947704885,1424.5075740447564,0.03536010293747699,0.20986008327898495,1.0,0.0,0.0,0.0,0.0,False,3.07352911797924,0.2,"[4, 7, 17, 19, 25, 28, 29, 31, 41, 61, 63, 69, 70, 71, 79, 84, 94, 100, 101, 113, 115, 117, 118, 119, 121, 124, 137, 139, 141, 143, 145, 148, 150, 152, 153, 165, 166, 173, 187, 191, 199, 203, 216, 219, 221, 226]",False
quality_coverage_sample,48,3.615973358682397,292.3749023903001,147.40495198420544,1036.2382162281122,0.03544699441706874,0.24538733559503706,1.0,0.0,0.0,0.0,0.0,False,3.0201150350485957,0.2,"[0, 5, 6, 11, 21, 24, 26, 31, 37, 38, 42, 45, 49, 53, 65, 72, 82, 85, 99, 108, 110, 113, 114, 119, 120, 123, 125, 138, 139, 145, 148, 152, 161, 164, 165, 166, 167, 171, 176, 177, 179, 192, 205, 209, 218, 220]",False
quality_coverage_sample,49,3.5000301374623817,304.4477710706599,183.52434093253015,817.7257540840544,0.038863284318028705,0.13479506459443824,1.0,0.0,0.0,0.0,0.0,False,3.025005130315911,0.2,"[3, 5, 16, 31, 32, 36, 37, 39, 45, 47, 52, 61, 71, 74, 77, 78, 80, 85, 89, 94, 99, 105, 112, 113, 114, 116, 117, 121, 127, 138, 139, 147, 149, 160, 162, 169, 175, 176, 184, 185, 186, 190, 197, 200, 219, 226]",False
degree,0,4.238688397916419,344.3281608981997,243.44890980687723,1706.052563611477,0.14001145680536756,0.8393631597135828,1.0,0.0,0.0,0.0,0.0,False,3.7048711925324462,0.2,"[18, 22, 24, 25, 26, 33, 41, 47, 48, 52, 54, 57, 58, 59, 60, 61, 63, 64, 65, 66, 67, 68, 69, 72, 77, 81, 83, 84, 85, 87, 90, 92, 95, 96, 99, 100, 102, 104, 107, 141, 142, 143, 145, 146, 148, 215]",False
top_variance,0,3.3587130829138356,364.18696833824174,203.95810196549917,1552.542642042303,0.062238019367186294,0.0,1.0,0.0,0.0,0.0,0.0,True,2.834705036298439,0.2,"[0, 1, 5, 6, 7, 11, 15, 30, 34, 36, 39, 52, 55, 58, 59, 60, 71, 75, 82, 85, 106, 112, 113, 114, 116, 117, 118, 121, 122, 125, 126, 129, 136, 147, 150, 159, 161, 180, 185, 190, 198, 199, 205, 209, 219, 222]",True
coverage,0,3.736938837616768,303.91272275691995,161.16928716965202,1305.8541700439075,0.03863080990065835,0.3607700797284021,1.0,0.0,0.0,0.0,0.0,False,3.221147654138812,0.2,"[1, 2, 3, 5, 8, 13, 21, 29, 40, 42, 56, 58, 61, 63, 66, 70, 87, 92, 93, 96, 104, 109, 111, 114, 123, 125, 130, 135, 137, 141, 148, 149, 156, 166, 167, 171, 194, 196, 199, 200, 211, 218, 224, 225, 226, 227]",False
greedy_a_trace,0,3.530112738134755,252.97431862099177,148.09934493678733,764.9682145579362,0.035575016948134315,0.16348930899229516,1.0,0.0,0.0,0.0,0.0,False,3.055193580789231,0.2,"[11, 13, 20, 21, 22, 31, 41, 42, 43, 44, 45, 48, 53, 54, 64, 67, 75, 77, 89, 93, 100, 103, 111, 118, 122, 124, 130, 144, 146, 157, 165, 176, 179, 186, 188, 190, 193, 194, 200, 201, 206, 208, 214, 222, 224, 226]",False
greedy_d_logdet,0,4.213584347962615,286.51545531557633,154.20162252539697,2532.745004795188,0.049944835750570016,0.8154176985948577,1.0,0.0,0.0,0.0,0.0,False,3.5546439383629,0.2,"[1, 9, 13, 16, 20, 21, 22, 23, 25, 38, 42, 47, 49, 54, 57, 63, 64, 67, 86, 89, 105, 108, 111, 114, 123, 130, 135, 138, 140, 142, 143, 144, 154, 179, 182, 188, 193, 201, 204, 215, 218, 220, 224, 225, 226, 227]",False
robust_coverage_cvar,0,3.4373048942293263,274.27520583704006,128.7071155446742,826.4557460266901,0.03436375713117945,0.07496468360955136,1.0,0.0,0.0,0.0,0.0,False,2.945206656375603,0.2,"[6, 10, 11, 14, 22, 23, 28, 41, 44, 45, 49, 54, 57, 59, 62, 65, 71, 82, 86, 91, 94, 95, 114, 122, 123, 124, 138, 139, 141, 154, 167, 173, 174, 179, 188, 190, 194, 201, 202, 206, 208, 211, 217, 218, 220, 227]",False
observability_proxy,0,3.9873295526259867,321.65829935880214,177.62340619248175,1207.0459118514075,0.09434733310358284,0.5996048948987165,1.0,0.0,0.0,0.0,0.0,False,3.5056493876518084,0.2,"[10, 12, 18, 22, 26, 33, 34, 48, 51, 53, 54, 57, 58, 61, 63, 64, 65, 66, 67, 68, 69, 77, 81, 83, 84, 85, 87, 92, 95, 96, 99, 100, 104, 107, 129, 141, 142, 143, 145, 146, 148, 168, 215, 217, 218, 220]",False
graph_sampling_laplacian,0,4.407097569198483,359.0131712146902,199.26368888140513,2585.5918699393874,0.12752723721967005,1.0,1.0,0.0,0.0,0.0,0.0,False,3.473586229120249,0.2,"[13, 16, 17, 19, 27, 38, 40, 43, 44, 45, 110, 111, 112, 113, 114, 116, 117, 118, 119, 121, 122, 124, 125, 126, 128, 131, 134, 135, 137, 138, 140, 156, 159, 160, 161, 176, 180, 190, 191, 192, 198, 199, 209, 211, 213, 226]",False
qr_pod_modes,0,3.9310861014153873,266.65991169201163,154.09589040177593,2072.803715206658,0.03965312346505231,0.5459571616993064,1.0,0.0,0.0,0.0,0.0,False,3.352795152113729,0.2,"[6, 13, 16, 21, 22, 25, 42, 43, 46, 54, 56, 57, 65, 67, 73, 76, 82, 86, 89, 105, 108, 111, 114, 128, 130, 135, 138, 142, 143, 144, 159, 161, 174, 179, 181, 188, 193, 194, 195, 201, 204, 218, 220, 222, 226, 227]",False
scenario_average_a_trace,0,3.581837765423117,281.17768730615614,134.89145531541334,953.5272689557089,0.038801358890192074,0.21282715018037826,1.0,0.0,0.0,0.0,0.0,False,3.074391836892285,0.2,"[0, 9, 10, 28, 34, 41, 45, 48, 57, 61, 65, 69, 75, 76, 84, 86, 88, 94, 104, 108, 114, 120, 123, 125, 129, 138, 139, 148, 154, 167, 173, 182, 187, 188, 198, 201, 206, 208, 215, 216, 218, 220, 221, 224, 225, 227]",False
scenario_cvar_a_trace,0,3.442574168674931,275.1354571429198,129.45144724366378,942.1942726064497,0.03905955573003025,0.07999077328804169,1.0,0.0,0.0,0.0,0.0,False,2.970822248123269,0.2,"[6, 9, 10, 11, 20, 22, 28, 38, 39, 41, 45, 49, 54, 64, 65, 72, 78, 86, 94, 96, 104, 105, 115, 118, 119, 122, 131, 138, 141, 146, 154, 167, 175, 179, 182, 193, 194, 201, 208, 209, 211, 218, 220, 222, 223, 227]",False
swap_from_greedy_a_trace,0,3.4936572691132683,248.7018901316594,147.27513549423855,863.4953367660376,0.0349682815747691,0.12871631349454546,1.0,0.0,0.0,0.0,0.0,False,3.043288372379172,0.2,"[11, 13, 21, 22, 41, 42, 43, 44, 45, 46, 47, 54, 55, 57, 64, 65, 67, 76, 86, 88, 95, 98, 108, 111, 118, 122, 130, 142, 143, 144, 157, 174, 179, 188, 190, 193, 194, 199, 201, 204, 206, 208, 214, 222, 224, 226]",False
swap_from_scenario_average,0,3.471347890363911,251.27308892448622,139.32789401633107,878.9106057052593,0.035644410082199735,0.10743654539303588,1.0,0.0,0.0,0.0,0.0,False,3.0503598081892673,0.2,"[11, 19, 21, 22, 27, 41, 42, 45, 46, 48, 54, 64, 65, 69, 76, 85, 86, 88, 94, 104, 108, 111, 114, 120, 125, 139, 144, 146, 157, 173, 174, 179, 182, 188, 191, 194, 198, 201, 204, 206, 208, 218, 220, 222, 225, 227]",False
swap_from_scenario_cvar,0,3.4664704450269084,249.8407073147494,146.45152847622194,910.6030466641066,0.03552468435602877,0.10278420133337939,1.0,0.0,0.0,0.0,0.0,False,3.021100144058646,0.2,"[6, 11, 21, 22, 41, 42, 43, 44, 45, 46, 47, 49, 53, 54, 64, 65, 67, 78, 85, 86, 94, 104, 105, 108, 111, 118, 122, 139, 144, 146, 157, 159, 174, 179, 182, 188, 191, 193, 194, 201, 204, 208, 220, 222, 226, 227]",False
swap_from_best_random_trace,31,3.4926882787254154,252.39138162986768,149.57395291412666,859.0452606510545,0.03507035283274098,0.12779204343854064,1.0,0.0,0.0,0.0,0.0,False,3.046552336517319,0.2,"[11, 14, 16, 21, 22, 27, 41, 42, 44, 46, 47, 54, 64, 67, 71, 75, 76, 81, 103, 105, 108, 111, 118, 123, 125, 130, 133, 142, 144, 157, 158, 173, 179, 182, 188, 191, 194, 198, 200, 201, 203, 208, 220, 222, 226, 227]",False
multistart_swap_by_validation,5,3.377722310815834,253.726883315335,145.3000965223244,873.0705816958872,0.0344245819426585,0.018131924070495076,1.0,0.0,0.0,0.0,0.0,False,2.9676419283362208,0.2,"[3, 5, 11, 20, 21, 22, 29, 41, 43, 44, 45, 47, 54, 64, 71, 76, 83, 103, 104, 108, 111, 118, 122, 134, 139, 140, 142, 143, 144, 154, 155, 157, 159, 167, 173, 174, 179, 180, 194, 197, 200, 201, 214, 222, 224, 226]",False
validation_swap,1,3.042220691613402,353.44464635778445,203.71216784140807,1696.3679584936326,0.06760982622991853,0.0,1.0,0.0,0.0,0.0,0.0,,,0.2,"[0, 1, 5, 6, 7, 11, 15, 21, 25, 30, 34, 36, 39, 52, 55, 58, 59, 60, 64, 71, 75, 85, 108, 112, 113, 114, 116, 117, 118, 121, 122, 125, 126, 129, 136, 147, 159, 161, 180, 190, 198, 199, 205, 209, 219, 222]",False
validation_swap,2,3.0674069670763164,263.4047778529182,155.91607381158167,949.4685065270658,0.03434142286162208,1.0,1.0,0.0,0.0,0.0,0.0,,,0.2,"[3, 5, 10, 11, 20, 21, 22, 23, 29, 38, 41, 44, 45, 54, 57, 64, 71, 76, 83, 103, 104, 108, 118, 122, 123, 134, 139, 140, 143, 144, 154, 155, 157, 159, 167, 173, 174, 179, 180, 194, 197, 200, 201, 214, 222, 226]",False
validation_swap,3,3.0557133529053444,297.30160104109416,195.1236011020158,1264.2978375848957,0.037534907284155615,0.5357148305556205,1.0,0.0,0.0,0.0,0.0,,,0.2,"[0, 1, 5, 12, 15, 20, 21, 24, 28, 39, 43, 48, 60, 64, 66, 73, 74, 84, 88, 92, 106, 108, 112, 114, 115, 117, 119, 126, 144, 145, 147, 158, 160, 173, 175, 176, 184, 187, 194, 199, 201, 205, 208, 211, 222, 223]",False
random_validation_pool,45,3.176024296667183,261.52444700579326,145.83054636136845,619.5547784096701,0.029745056950603116,0.0,1.0,0.0,0.0,0.0,0.0,True,2.7118626252418085,0.3,"[0, 1, 4, 5, 9, 10, 12, 14, 15, 19, 21, 25, 27, 30, 33, 36, 39, 40, 41, 44, 51, 52, 53, 60, 61, 62, 67, 70, 73, 81, 83, 88, 90, 91, 95, 97, 99, 101, 102, 108, 116, 118, 125, 126, 128, 137, 139, 140, 145, 148, 149, 153, 159, 176, 180, 185, 187, 191, 196, 200, 201, 203, 206, 207, 208, 211, 213, 221]",True
random_validation_pool,8,3.323983025275796,255.50281849166996,154.78331358026998,780.1241603983663,0.03242129920067364,0.16659965925718168,1.0,0.0,0.0,0.0,0.0,False,2.8455701348606075,0.3,"[4, 6, 13, 14, 20, 23, 25, 28, 29, 37, 39, 46, 51, 53, 55, 57, 61, 64, 65, 66, 72, 73, 75, 76, 80, 81, 84, 89, 94, 95, 99, 102, 103, 105, 108, 109, 111, 115, 117, 122, 125, 126, 127, 135, 144, 145, 148, 149, 155, 157, 159, 161, 162, 170, 171, 176, 179, 184, 185, 188, 189, 195, 197, 205, 208, 209, 217, 219]",False
random_validation_pool,29,3.398591045228184,259.68662795979105,137.07866271246957,592.1408566001876,0.028955590170699604,0.2506073472037333,1.0,0.0,0.0,0.0,0.0,False,2.806999302690776,0.3,"[5, 8, 10, 12, 17, 18, 24, 29, 30, 31, 40, 41, 46, 48, 55, 58, 59, 61, 64, 65, 69, 71, 75, 76, 78, 80, 82, 85, 96, 97, 99, 102, 103, 104, 107, 116, 117, 119, 127, 131, 132, 133, 135, 140, 143, 145, 146, 150, 152, 153, 157, 159, 172, 177, 181, 185, 186, 189, 190, 204, 206, 211, 213, 214, 216, 222, 223, 225]",False
random_validation_pool,18,3.353148360088231,252.36326320324264,130.43701660397699,553.3607095901486,0.028458708915998665,0.19943945781159042,1.0,0.0,0.0,0.0,0.0,False,2.893853222035267,0.3,"[1, 14, 15, 22, 23, 25, 32, 36, 39, 40, 42, 44, 45, 46, 49, 52, 59, 61, 63, 71, 72, 76, 82, 90, 93, 94, 95, 117, 118, 121, 122, 125, 128, 129, 130, 132, 134, 142, 144, 146, 149, 151, 152, 153, 158, 159, 164, 169, 171, 176, 177, 184, 185, 186, 187, 194, 195, 197, 202, 208, 209, 210, 211, 216, 219, 220, 222, 227]",False
random_validation_pool,14,3.3761341363526935,248.5740431909512,128.86315963418207,805.1957191426159,0.030343401457587654,0.22532115150707402,1.0,0.0,0.0,0.0,0.0,False,2.8954715865956233,0.3,"[1, 3, 5, 9, 11, 12, 13, 19, 21, 23, 28, 39, 46, 49, 52, 58, 59, 63, 65, 67, 69, 71, 75, 85, 95, 102, 104, 107, 108, 109, 111, 112, 115, 118, 120, 123, 125, 126, 135, 139, 144, 145, 146, 154, 162, 166, 167, 168, 174, 179, 186, 187, 188, 194, 197, 198, 199, 200, 201, 203, 204, 205, 209, 210, 220, 225, 226, 227]",False
random_validation_pool,20,3.4396311340490198,259.582617590378,134.33013905144261,800.7451270903307,0.03565880342897987,0.29681796875835575,1.0,0.0,0.0,0.0,0.0,False,2.8417577564427563,0.3,"[0, 3, 4, 6, 11, 13, 20, 21, 30, 31, 34, 48, 51, 52, 55, 59, 64, 65, 69, 72, 73, 74, 78, 79, 85, 88, 91, 92, 98, 99, 100, 101, 104, 108, 109, 115, 124, 126, 128, 129, 130, 133, 137, 141, 142, 143, 149, 154, 158, 163, 167, 169, 170, 172, 174, 175, 178, 192, 194, 198, 204, 208, 211, 212, 215, 217, 225, 226]",False
random_validation_pool,37,3.3981871425490024,254.4018288813253,138.64103234278943,631.0083257144427,0.03100760258070274,0.25015255788945967,1.0,0.0,0.0,0.0,0.0,False,2.887280681405616,0.3,"[0, 8, 9, 20, 21, 23, 24, 25, 27, 29, 30, 33, 34, 49, 54, 63, 65, 68, 70, 71, 72, 76, 78, 80, 83, 93, 94, 96, 97, 101, 102, 104, 107, 109, 110, 112, 114, 125, 128, 131, 132, 138, 142, 146, 148, 152, 158, 160, 161, 162, 168, 170, 171, 178, 185, 187, 190, 191, 192, 193, 194, 195, 197, 201, 205, 206, 211, 225]",False
random_validation_pool,23,3.3725211205186647,253.9181826408805,168.74167470244294,841.3965882142385,0.03318306632748987,0.2212529413210278,1.0,0.0,0.0,0.0,0.0,False,2.91375250272193,0.3,"[0, 2, 5, 6, 9, 10, 13, 18, 21, 23, 24, 26, 28, 35, 45, 48, 51, 54, 55, 58, 60, 61, 62, 64, 67, 70, 72, 74, 76, 77, 79, 95, 97, 104, 106, 107, 108, 111, 113, 117, 120, 121, 125, 130, 132, 134, 139, 140, 142, 144, 147, 148, 158, 162, 171, 175, 177, 178, 182, 189, 191, 194, 203, 206, 213, 216, 218, 222]",False
random_validation_pool,15,3.3798601236366888,246.60286639632812,152.96169760193166,614.7419042824517,0.03140370713499776,0.229516566118619,1.0,0.0,0.0,0.0,0.0,False,2.925643663023671,0.3,"[2, 5, 7, 8, 11, 14, 22, 23, 25, 26, 27, 28, 33, 37, 40, 42, 45, 47, 52, 54, 63, 65, 83, 86, 97, 100, 104, 109, 112, 113, 115, 116, 124, 126, 127, 135, 139, 140, 143, 146, 147, 148, 149, 151, 152, 156, 159, 161, 162, 164, 167, 170, 175, 176, 178, 181, 184, 193, 195, 197, 201, 205, 206, 216, 217, 219, 221, 223]",False
random_validation_pool,7,3.3457123410235314,244.85578741602365,127.69420783945948,616.1445189764663,0.03159862871618896,0.191066594283641,1.0,0.0,0.0,0.0,0.0,False,2.966305864591145,0.3,"[1, 2, 5, 10, 12, 13, 15, 17, 19, 23, 25, 29, 32, 36, 37, 43, 45, 48, 53, 56, 59, 61, 69, 71, 73, 80, 93, 94, 98, 102, 112, 113, 114, 119, 121, 123, 124, 130, 131, 133, 135, 140, 152, 153, 154, 158, 159, 162, 163, 167, 170, 173, 174, 175, 178, 180, 183, 191, 195, 204, 209, 210, 214, 215, 217, 218, 226, 227]",False
random_validation_pool,17,3.422265752357993,255.81943494188087,151.39631448570955,606.6235482451178,0.03203737609367715,0.27726476835036357,1.0,0.0,0.0,0.0,0.0,False,2.9218348390870967,0.3,"[14, 19, 28, 30, 39, 41, 45, 46, 48, 52, 54, 61, 62, 63, 67, 69, 70, 75, 76, 83, 85, 89, 94, 97, 99, 103, 104, 106, 110, 112, 121, 128, 129, 135, 138, 141, 142, 147, 150, 151, 152, 153, 156, 158, 159, 162, 172, 176, 178, 179, 182, 184, 190, 192, 194, 196, 198, 199, 201, 202, 205, 208, 209, 213, 215, 216, 218, 223]",False
random_validation_pool,27,3.509756330257196,265.61857494672347,136.92422073934694,741.1073737108126,0.02760363570412342,0.37577805380024026,1.0,0.0,0.0,0.0,0.0,False,2.8501038734735347,0.3,"[3, 4, 5, 8, 9, 10, 11, 12, 22, 27, 32, 39, 40, 44, 48, 50, 51, 53, 54, 59, 65, 68, 70, 72, 75, 80, 83, 84, 87, 90, 93, 95, 98, 101, 105, 113, 114, 117, 122, 125, 127, 128, 129, 132, 133, 136, 141, 143, 147, 150, 153, 154, 161, 163, 169, 174, 181, 183, 184, 189, 193, 197, 199, 203, 205, 214, 216, 217]",False
random_validation_pool,32,3.4660379438741833,250.63933671652595,136.09648780676105,495.85201367935025,0.02949366356835501,0.3265517030254218,1.0,0.0,0.0,0.0,0.0,False,2.9088878451124396,0.3,"[0, 2, 3, 5, 8, 14, 15, 25, 26, 33, 36, 41, 44, 45, 46, 51, 53, 56, 58, 61, 63, 65, 66, 69, 76, 81, 84, 91, 93, 96, 97, 98, 99, 111, 114, 116, 118, 121, 122, 128, 135, 138, 139, 144, 147, 152, 156, 157, 163, 164, 170, 174, 180, 183, 187, 190, 191, 193, 194, 198, 200, 202, 205, 210, 214, 216, 219, 227]",False
random_validation_pool,47,3.5116043377704527,249.46405478316024,129.22787997971673,792.5636161490934,0.03299834023562337,0.37785888691436936,1.0,0.0,0.0,0.0,0.0,False,2.8635005470143438,0.3,"[1, 3, 5, 7, 12, 13, 18, 25, 30, 31, 35, 39, 47, 53, 54, 55, 57, 63, 64, 65, 66, 67, 69, 70, 77, 78, 80, 83, 85, 88, 98, 104, 112, 114, 116, 117, 123, 125, 133, 138, 143, 144, 146, 154, 155, 157, 163, 166, 168, 170, 171, 172, 174, 176, 178, 179, 180, 183, 185, 202, 204, 205, 206, 214, 218, 219, 220, 222]",False
random_validation_pool,25,3.473058006368099,269.27826630075924,137.30846611598773,820.6812164897277,0.02950411893889893,0.33445620470942977,1.0,0.0,0.0,0.0,0.0,False,2.9095193755787925,0.3,"[4, 5, 6, 7, 9, 11, 14, 17, 29, 30, 34, 36, 39, 40, 55, 57, 58, 59, 60, 67, 69, 70, 71, 81, 82, 86, 90, 92, 93, 94, 101, 103, 104, 106, 107, 109, 113, 125, 126, 129, 134, 135, 139, 140, 144, 145, 146, 150, 151, 152, 156, 157, 161, 171, 179, 180, 181, 185, 197, 200, 205, 209, 210, 212, 216, 218, 225, 227]",False
random_validation_pool,41,3.464070072076534,256.4544055175014,131.17660626404484,581.2803710609381,0.027646164102003642,0.3243359042413067,1.0,0.0,0.0,0.0,0.0,False,2.9307200261639093,0.3,"[2, 9, 10, 11, 17, 18, 23, 24, 27, 28, 31, 33, 35, 36, 41, 44, 45, 54, 55, 60, 61, 62, 65, 79, 81, 82, 83, 84, 88, 90, 91, 92, 94, 96, 97, 104, 110, 112, 122, 125, 128, 134, 137, 145, 146, 148, 149, 150, 152, 155, 161, 169, 172, 179, 184, 185, 187, 194, 195, 206, 208, 209, 210, 212, 213, 216, 219, 224]",False
random_validation_pool,6,3.4762750740666695,239.19229434929068,153.25533973999148,549.9939551061095,0.028278862384935065,0.3380785822969454,1.0,0.0,0.0,0.0,0.0,False,2.9211594672272825,0.3,"[0, 5, 8, 10, 12, 14, 17, 24, 25, 26, 27, 32, 33, 38, 45, 47, 50, 54, 55, 56, 57, 59, 63, 66, 75, 76, 77, 79, 81, 87, 98, 102, 103, 104, 108, 111, 125, 129, 130, 134, 136, 138, 147, 151, 155, 156, 158, 159, 163, 168, 175, 176, 179, 182, 183, 188, 196, 202, 204, 205, 207, 208, 210, 216, 217, 222, 225, 226]",False
random_validation_pool,35,3.43067982993165,239.46334846472178,157.05738054737185,599.9510120595515,0.03074375623346438,0.28673891340362906,1.0,0.0,0.0,0.0,0.0,False,2.968157560013208,0.3,"[2, 11, 13, 17, 21, 24, 25, 26, 33, 38, 45, 49, 55, 57, 58, 59, 64, 66, 68, 70, 73, 79, 86, 87, 88, 89, 90, 92, 94, 98, 113, 117, 121, 122, 123, 124, 125, 126, 134, 140, 142, 143, 145, 146, 147, 151, 155, 156, 160, 171, 172, 177, 179, 181, 196, 198, 200, 201, 205, 208, 210, 213, 215, 216, 217, 219, 223, 226]",False
random_validation_pool,9,3.431091831082512,250.5001414097303,124.94816747034507,768.5062401993893,0.02891305692428918,0.28720282149470716,1.0,0.0,0.0,0.0,0.0,False,2.968816030463676,0.3,"[0, 6, 10, 14, 18, 20, 24, 30, 31, 36, 40, 41, 44, 51, 56, 57, 62, 67, 74, 76, 78, 81, 88, 89, 94, 95, 98, 100, 103, 109, 113, 114, 115, 116, 117, 121, 123, 124, 126, 129, 130, 131, 141, 147, 153, 154, 159, 167, 168, 170, 172, 173, 174, 186, 188, 189, 194, 197, 202, 203, 208, 209, 210, 212, 213, 218, 220, 225]",False
random_validation_pool,30,3.4812953473177477,258.4949736167955,140.2144395815746,552.5258995851357,0.02972253164895549,0.34373134655676807,1.0,0.0,0.0,0.0,0.0,False,2.922700381581707,0.3,"[2, 5, 6, 8, 14, 16, 25, 26, 32, 36, 39, 41, 44, 51, 53, 55, 58, 60, 62, 67, 69, 76, 77, 78, 81, 85, 86, 87, 88, 98, 100, 102, 106, 110, 115, 116, 118, 119, 122, 128, 130, 131, 133, 134, 136, 141, 149, 152, 161, 162, 166, 168, 172, 173, 177, 178, 181, 184, 187, 191, 197, 198, 204, 205, 207, 212, 215, 222]",False
random_validation_pool,21,3.4255888153383904,251.6753929357447,129.90178731006415,626.0798746933359,0.030625065183640145,0.2810064952861823,1.0,0.0,0.0,0.0,0.0,False,2.982063356624417,0.3,"[2, 6, 8, 12, 14, 25, 27, 30, 31, 33, 35, 40, 41, 44, 45, 47, 50, 51, 53, 55, 58, 60, 62, 66, 71, 79, 80, 81, 82, 85, 87, 88, 89, 92, 94, 97, 98, 99, 113, 121, 124, 126, 134, 141, 146, 148, 155, 159, 163, 164, 167, 173, 175, 178, 182, 185, 187, 189, 190, 198, 201, 203, 213, 215, 218, 219, 220, 221]",False
random_validation_pool,19,3.4692736023147983,252.85789846479463,138.93366299169102,637.2932484777226,0.03060507469358608,0.3301950135536234,1.0,0.0,0.0,0.0,0.0,False,2.948630327934263,0.3,"[11, 13, 14, 15, 20, 24, 25, 26, 28, 30, 33, 36, 37, 45, 47, 48, 50, 52, 60, 64, 66, 69, 70, 71, 74, 76, 82, 92, 93, 95, 117, 120, 122, 128, 129, 137, 142, 144, 148, 153, 155, 156, 159, 162, 165, 166, 168, 169, 171, 172, 174, 177, 179, 183, 184, 185, 186, 193, 199, 200, 203, 214, 219, 220, 221, 223, 224, 225]",False
random_validation_pool,42,3.510832158090847,258.563348768968,131.2335035500807,800.4840252117966,0.03005916413169992,0.3769894223500452,1.0,0.0,0.0,0.0,0.0,False,2.908487047432757,0.3,"[3, 9, 12, 15, 18, 20, 24, 31, 32, 34, 36, 41, 44, 46, 49, 51, 52, 64, 67, 71, 72, 73, 74, 76, 81, 82, 84, 88, 98, 99, 108, 112, 113, 116, 122, 123, 125, 128, 134, 136, 138, 140, 145, 152, 156, 157, 158, 159, 160, 164, 165, 168, 169, 175, 177, 185, 195, 196, 197, 199, 204, 207, 208, 214, 215, 218, 221, 223]",False
random_validation_pool,44,3.489797372264896,248.0370224641961,125.49576886727297,652.9274869219506,0.0329199414415467,0.3533045192415496,1.0,0.0,0.0,0.0,0.0,False,2.964846751611435,0.3,"[2, 6, 7, 13, 16, 21, 22, 25, 26, 28, 29, 35, 36, 37, 38, 39, 41, 44, 53, 54, 56, 58, 68, 69, 73, 74, 76, 84, 87, 91, 94, 97, 98, 106, 113, 115, 116, 117, 123, 126, 127, 128, 131, 135, 139, 146, 147, 149, 150, 151, 154, 156, 164, 166, 167, 172, 173, 174, 176, 178, 179, 187, 193, 196, 214, 217, 218, 221]",False
random_validation_pool,5,3.5314435171394774,260.03874076011505,136.60302608961462,677.6385523119244,0.032752560481651906,0.40019755225641,1.0,0.0,0.0,0.0,0.0,False,2.92523849691374,0.3,"[8, 10, 14, 18, 22, 23, 24, 28, 29, 32, 36, 37, 39, 46, 49, 50, 52, 62, 64, 74, 76, 77, 81, 91, 93, 98, 106, 110, 111, 120, 122, 127, 130, 131, 132, 133, 136, 137, 140, 144, 147, 149, 152, 159, 160, 165, 171, 177, 180, 181, 183, 187, 188, 189, 194, 197, 199, 203, 204, 205, 207, 208, 210, 214, 222, 223, 225, 227]",False
random_validation_pool,24,3.466929546154944,273.0941059819529,146.11100813038547,975.9882157382557,0.033134268780048666,0.32755563592998577,1.0,0.0,0.0,0.0,0.0,False,2.996684156769981,0.3,"[0, 1, 3, 7, 12, 14, 16, 21, 23, 29, 42, 52, 53, 55, 56, 60, 62, 65, 67, 69, 72, 73, 75, 83, 93, 98, 102, 103, 109, 110, 113, 115, 116, 119, 120, 122, 125, 126, 129, 138, 149, 153, 154, 162, 166, 171, 172, 173, 174, 179, 180, 184, 185, 187, 191, 196, 200, 201, 203, 204, 205, 208, 215, 216, 218, 219, 223, 226]",False
random_validation_pool,10,3.544256373142248,251.36420698452366,129.301156935513,651.7120132422513,0.030249049059709415,0.414624666251283,1.0,0.0,0.0,0.0,0.0,False,2.925624870971038,0.3,"[2, 3, 4, 7, 10, 11, 12, 15, 26, 34, 35, 38, 39, 40, 45, 46, 48, 56, 60, 64, 65, 68, 82, 88, 90, 92, 94, 96, 105, 106, 112, 123, 127, 129, 131, 132, 133, 134, 137, 140, 142, 143, 154, 160, 161, 164, 169, 170, 171, 174, 181, 183, 193, 194, 195, 197, 198, 200, 203, 207, 209, 212, 218, 219, 220, 222, 223, 225]",False
random_validation_pool,4,3.4359721851008733,261.9509171381477,146.73408957365345,761.5476437044554,0.03195258208825404,0.29269803846608416,1.0,0.0,0.0,0.0,0.0,False,3.037847024348627,0.3,"[2, 5, 7, 8, 9, 10, 11, 12, 13, 15, 17, 21, 22, 23, 27, 35, 46, 56, 57, 62, 79, 80, 82, 84, 87, 88, 93, 99, 102, 105, 106, 107, 109, 117, 118, 121, 122, 125, 129, 134, 136, 137, 138, 141, 142, 151, 152, 153, 156, 168, 169, 173, 176, 178, 190, 191, 192, 201, 203, 205, 207, 210, 217, 218, 219, 221, 223, 226]",False
random_validation_pool,33,3.449429613137073,244.63294465232048,137.3083645010782,612.2429439041299,0.03178188958222613,0.3078509324277479,1.0,0.0,0.0,0.0,0.0,False,3.0286098759634728,0.3,"[0, 1, 8, 9, 16, 20, 24, 25, 28, 33, 35, 37, 41, 43, 49, 56, 57, 64, 66, 67, 80, 86, 94, 96, 97, 100, 101, 102, 108, 110, 116, 126, 135, 136, 139, 142, 143, 144, 145, 146, 149, 157, 161, 165, 166, 167, 170, 175, 179, 181, 184, 189, 190, 192, 195, 202, 204, 206, 209, 210, 211, 212, 214, 217, 218, 221, 222, 226]",False
random_validation_pool,46,3.5075376373475313,252.34880239334365,134.00325189782413,529.3694305719417,0.02868942428660899,0.3732798336126077,1.0,0.0,0.0,0.0,0.0,False,2.973732935794162,0.3,"[0, 3, 7, 9, 19, 22, 23, 25, 29, 30, 32, 33, 35, 40, 41, 44, 45, 50, 55, 57, 59, 62, 65, 67, 69, 71, 80, 83, 93, 96, 101, 102, 103, 111, 114, 115, 116, 117, 119, 121, 122, 123, 127, 129, 130, 133, 140, 145, 148, 149, 154, 158, 160, 164, 167, 168, 171, 172, 183, 185, 192, 199, 200, 205, 210, 214, 215, 216]",False
random_validation_pool,39,3.5418016190432438,257.666665670503,138.24667423954247,737.3128721136261,0.02929960987407134,0.41186064414660484,1.0,0.0,0.0,0.0,0.0,False,2.9482769958621664,0.3,"[1, 3, 5, 6, 9, 14, 15, 17, 22, 28, 34, 39, 40, 42, 56, 62, 70, 71, 72, 73, 74, 75, 76, 78, 80, 83, 84, 87, 90, 93, 94, 96, 100, 102, 107, 109, 110, 124, 125, 130, 133, 138, 140, 144, 145, 148, 150, 151, 156, 158, 159, 160, 166, 168, 174, 182, 184, 191, 193, 196, 200, 205, 208, 211, 214, 215, 221, 225]",False
random_validation_pool,12,3.505479597730038,246.39173093826128,126.47150510818565,537.0395905245323,0.03000040479409014,0.37096250700243444,1.0,0.0,0.0,0.0,0.0,False,2.990111987004626,0.3,"[3, 4, 6, 8, 11, 17, 25, 26, 28, 30, 37, 45, 49, 54, 62, 64, 66, 69, 72, 78, 85, 93, 94, 103, 105, 106, 110, 112, 113, 114, 116, 117, 118, 119, 120, 128, 130, 132, 135, 139, 140, 147, 152, 156, 160, 162, 165, 166, 168, 171, 175, 178, 179, 185, 187, 188, 189, 200, 204, 206, 212, 213, 215, 219, 220, 224, 225, 227]",False
random_validation_pool,2,3.560685174888784,254.53215724610502,134.9960784941578,584.9762961883406,0.03335984470863685,0.4331232894735522,1.0,0.0,0.0,0.0,0.0,False,2.9651503490367763,0.3,"[0, 9, 13, 14, 15, 16, 17, 19, 21, 24, 28, 29, 31, 34, 37, 39, 41, 45, 48, 50, 62, 67, 71, 76, 78, 83, 93, 101, 102, 106, 107, 115, 117, 123, 126, 127, 128, 130, 131, 139, 140, 142, 143, 145, 146, 150, 154, 155, 156, 158, 160, 162, 163, 166, 168, 188, 191, 193, 196, 198, 199, 202, 203, 209, 213, 214, 216, 218]",False
random_validation_pool,26,3.5594170892826646,257.47868947369926,130.9154900705891,693.915278135934,0.034036055641081045,0.4316954411007313,1.0,0.0,0.0,0.0,0.0,False,2.984426602157983,0.3,"[2, 8, 9, 12, 21, 22, 24, 27, 36, 37, 41, 42, 44, 46, 47, 51, 52, 55, 56, 59, 60, 61, 63, 65, 71, 72, 73, 75, 76, 83, 88, 89, 90, 91, 101, 102, 117, 119, 135, 138, 148, 149, 150, 151, 153, 155, 156, 158, 159, 164, 166, 174, 175, 179, 180, 182, 184, 187, 190, 198, 199, 200, 209, 211, 219, 220, 221, 226]",False
random_validation_pool,43,3.520545179581415,253.40214679306575,165.70283464062442,704.8100360713875,0.030909747604601114,0.38792616184425116,1.0,0.0,0.0,0.0,0.0,False,3.029563927040366,0.3,"[0, 3, 4, 10, 12, 14, 18, 21, 22, 24, 30, 31, 35, 37, 39, 40, 41, 45, 47, 51, 54, 55, 58, 66, 69, 72, 74, 79, 81, 86, 94, 95, 97, 98, 100, 108, 111, 121, 123, 124, 127, 129, 136, 141, 145, 146, 148, 153, 155, 159, 161, 163, 164, 166, 177, 178, 181, 183, 185, 186, 189, 197, 200, 201, 202, 203, 204, 205]",False
random_validation_pool,13,3.591575459669768,261.07551544258297,142.60287511472598,712.4389723838312,0.03142558661242148,0.46790535990133,1.0,0.0,0.0,0.0,0.0,False,2.981992044050718,0.3,"[2, 18, 19, 20, 30, 34, 35, 42, 48, 50, 51, 56, 63, 68, 70, 71, 73, 76, 77, 79, 82, 89, 90, 91, 93, 94, 98, 103, 104, 106, 110, 113, 114, 116, 117, 121, 126, 128, 129, 133, 136, 139, 142, 145, 148, 153, 155, 157, 159, 164, 165, 167, 171, 172, 173, 176, 180, 182, 184, 187, 190, 196, 204, 206, 209, 210, 211, 226]",False
random_validation_pool,31,3.583150851524667,250.15021228082816,131.7744661120346,678.3154829075896,0.029594176508717537,0.45841935755765056,1.0,0.0,0.0,0.0,0.0,False,2.992990017346424,0.3,"[1, 3, 5, 9, 12, 13, 18, 20, 21, 26, 28, 30, 32, 33, 34, 35, 48, 56, 58, 59, 60, 61, 62, 63, 64, 67, 68, 78, 79, 82, 88, 89, 90, 93, 98, 111, 113, 115, 120, 121, 122, 124, 127, 131, 133, 134, 137, 138, 139, 146, 147, 150, 151, 152, 156, 160, 165, 177, 178, 193, 195, 196, 198, 204, 205, 221, 225, 227]",False
random_validation_pool,22,3.54190109461906,250.046338489307,126.19159523717195,662.9410607016478,0.03243545593917954,0.4119726523883032,1.0,0.0,0.0,0.0,0.0,False,3.0361592494444944,0.3,"[1, 3, 4, 5, 6, 7, 10, 11, 17, 18, 19, 20, 21, 23, 28, 35, 37, 39, 41, 42, 46, 48, 51, 55, 56, 57, 70, 74, 77, 82, 86, 89, 93, 97, 105, 112, 113, 121, 123, 128, 134, 137, 141, 142, 146, 153, 154, 156, 157, 161, 167, 168, 169, 181, 188, 192, 195, 196, 202, 205, 209, 210, 212, 218, 219, 220, 222, 225]",False
random_validation_pool,49,3.580658086149951,255.34664571199804,127.83360505827999,793.100785792033,0.0301796442891715,0.4556125352367156,1.0,0.0,0.0,0.0,0.0,False,2.9997910168231927,0.3,"[3, 5, 9, 19, 23, 25, 31, 32, 34, 36, 37, 38, 51, 53, 54, 57, 62, 65, 67, 70, 72, 75, 78, 81, 82, 85, 86, 90, 96, 101, 102, 104, 105, 109, 113, 123, 125, 128, 130, 131, 138, 140, 145, 150, 152, 155, 158, 159, 163, 170, 171, 174, 180, 183, 185, 188, 190, 191, 193, 195, 197, 201, 202, 206, 220, 223, 224, 227]",False
random_validation_pool,0,3.586534114345324,260.30272278010045,137.00239955360124,711.127227704857,0.029563826649017706,0.4622288687531,1.0,0.0,0.0,0.0,0.0,False,3.0143916393633643,0.3,"[6, 7, 10, 11, 18, 22, 29, 30, 34, 35, 45, 47, 48, 50, 53, 54, 56, 61, 65, 66, 67, 68, 70, 71, 77, 81, 83, 84, 86, 90, 93, 94, 101, 107, 113, 121, 125, 130, 131, 137, 147, 151, 156, 157, 161, 162, 163, 164, 166, 168, 170, 175, 180, 182, 185, 191, 198, 201, 202, 203, 205, 210, 211, 216, 219, 220, 224, 226]",False
random_validation_pool,36,3.5612373241911253,256.7283918229732,135.75372618985068,845.7186601202294,0.03131653056182968,0.4337450026127104,1.0,0.0,0.0,0.0,0.0,False,3.0637532689029063,0.3,"[0, 3, 5, 8, 11, 13, 17, 25, 34, 35, 40, 41, 55, 60, 63, 68, 69, 78, 79, 81, 85, 89, 90, 92, 94, 95, 98, 99, 103, 105, 107, 111, 113, 117, 119, 123, 129, 130, 131, 138, 139, 146, 150, 153, 154, 155, 157, 167, 168, 173, 177, 180, 182, 186, 190, 191, 193, 197, 200, 202, 204, 205, 208, 210, 213, 222, 226, 227]",False
random_validation_pool,16,3.6473306416275975,258.5336523714142,155.3888275020332,791.4975693041486,0.036167993162470824,0.5306849904330821,1.0,0.0,0.0,0.0,0.0,False,2.98241747138265,0.3,"[0, 3, 4, 9, 12, 16, 18, 23, 24, 25, 31, 34, 44, 50, 51, 52, 53, 54, 62, 63, 67, 79, 81, 82, 83, 86, 87, 89, 90, 92, 97, 99, 102, 104, 108, 111, 112, 113, 116, 120, 125, 126, 129, 131, 133, 136, 138, 139, 141, 146, 151, 154, 156, 163, 164, 167, 179, 183, 188, 192, 205, 209, 211, 212, 215, 216, 223, 226]",False
random_validation_pool,40,3.610321743841928,261.17346571168173,135.04883201986183,677.1816913043659,0.03320111158722385,0.4890134390581977,1.0,0.0,0.0,0.0,0.0,False,3.057957195427223,0.3,"[0, 2, 6, 14, 18, 19, 22, 24, 25, 26, 27, 33, 34, 35, 51, 53, 61, 62, 66, 70, 72, 74, 76, 84, 85, 90, 92, 93, 96, 97, 98, 99, 106, 107, 115, 123, 124, 129, 130, 132, 135, 136, 143, 151, 154, 155, 156, 160, 161, 166, 167, 173, 174, 180, 187, 192, 196, 203, 207, 211, 212, 214, 216, 217, 218, 219, 221, 226]",False
random_validation_pool,38,3.616241711643961,248.76599797553195,135.35210454511463,607.411748782909,0.031340976851146334,0.49567924801659397,1.0,0.0,0.0,0.0,0.0,False,3.0840334950617203,0.3,"[1, 5, 7, 12, 13, 16, 22, 26, 30, 31, 36, 37, 38, 39, 40, 44, 48, 50, 54, 59, 61, 66, 76, 93, 94, 96, 100, 101, 107, 112, 115, 119, 125, 132, 134, 135, 137, 139, 140, 142, 144, 145, 148, 149, 150, 158, 159, 162, 164, 166, 174, 177, 182, 186, 190, 193, 195, 196, 198, 201, 202, 204, 208, 210, 218, 222, 226, 227]",False
random_validation_pool,28,3.5977908629948936,249.95073109264533,155.93898826866044,741.4545414213417,0.027107074452416308,0.4749038255265041,1.0,0.0,0.0,0.0,0.0,False,3.1191712604832227,0.3,"[2, 15, 16, 17, 22, 25, 27, 30, 32, 37, 48, 49, 50, 51, 53, 55, 56, 58, 62, 64, 72, 82, 85, 87, 88, 90, 92, 101, 102, 104, 108, 111, 112, 115, 117, 120, 121, 127, 130, 131, 132, 134, 137, 139, 145, 149, 152, 155, 161, 162, 164, 170, 178, 181, 182, 185, 188, 191, 197, 204, 206, 207, 210, 216, 219, 221, 225, 226]",False
random_validation_pool,34,3.6709029953165464,251.22686788825314,133.9714032915868,683.6458241381282,0.03352958690274369,0.5572271628983304,1.0,0.0,0.0,0.0,0.0,False,3.051930073019259,0.3,"[1, 2, 3, 4, 9, 11, 12, 16, 17, 19, 20, 21, 22, 27, 31, 37, 40, 46, 47, 48, 52, 55, 56, 57, 62, 63, 64, 65, 66, 67, 69, 70, 74, 75, 76, 78, 86, 89, 96, 97, 125, 134, 137, 138, 139, 143, 146, 147, 149, 150, 151, 152, 157, 160, 161, 171, 183, 190, 192, 194, 207, 208, 209, 212, 217, 218, 222, 227]",False
random_validation_pool,3,3.614771864284185,251.0103121434967,127.74454351155433,765.1767135023747,0.03179374908711873,0.494024218458003,1.0,0.0,0.0,0.0,0.0,False,3.1500447645208705,0.3,"[3, 4, 5, 8, 9, 13, 20, 21, 33, 34, 42, 50, 51, 53, 54, 57, 62, 64, 67, 68, 70, 71, 78, 79, 81, 82, 84, 93, 94, 96, 97, 106, 109, 111, 116, 118, 124, 127, 128, 130, 140, 142, 146, 147, 149, 152, 156, 157, 158, 163, 164, 165, 166, 169, 171, 174, 175, 181, 185, 187, 188, 193, 200, 206, 208, 209, 212, 220]",False
random_validation_pool,1,3.718830436926873,257.5938351882667,158.99621064411062,660.5335482756304,0.031252013109743015,0.6111928566862944,1.0,0.0,0.0,0.0,0.0,False,3.161469315294933,0.3,"[6, 16, 20, 27, 33, 34, 35, 38, 40, 42, 44, 46, 47, 52, 55, 65, 66, 67, 69, 71, 73, 80, 86, 90, 95, 96, 98, 99, 105, 107, 109, 110, 115, 126, 127, 131, 132, 138, 142, 143, 144, 145, 146, 157, 164, 165, 171, 173, 174, 176, 178, 179, 185, 187, 188, 189, 193, 200, 207, 210, 211, 212, 213, 216, 218, 219, 223, 226]",False
random_validation_pool,11,3.71815168818717,249.46821698729266,125.9268569308952,756.1649993212411,0.032383497150041705,0.610428594179992,1.0,0.0,0.0,0.0,0.0,False,3.203675131885681,0.3,"[6, 16, 17, 20, 25, 26, 32, 35, 38, 39, 41, 45, 50, 54, 57, 58, 71, 72, 73, 74, 75, 77, 78, 81, 82, 84, 86, 89, 95, 97, 98, 100, 102, 105, 110, 122, 124, 128, 138, 139, 141, 152, 154, 156, 158, 169, 171, 172, 175, 181, 183, 185, 186, 193, 200, 202, 203, 205, 208, 209, 210, 211, 212, 218, 224, 225, 226, 227]",False
random_validation_pool,48,3.784754929325873,250.5999183884942,131.96977906800032,626.2839468208509,0.032263712271802185,0.685423002306353,1.0,0.0,0.0,0.0,0.0,False,3.137572311745433,0.3,"[8, 11, 15, 16, 19, 41, 43, 48, 49, 54, 58, 59, 64, 65, 67, 73, 76, 77, 83, 87, 91, 95, 97, 98, 100, 101, 103, 110, 112, 113, 115, 117, 120, 125, 127, 129, 130, 131, 132, 134, 137, 142, 148, 152, 162, 163, 165, 168, 169, 174, 178, 179, 180, 181, 184, 197, 199, 202, 207, 212, 213, 215, 216, 218, 220, 224, 225, 227]",False
quality_coverage_sample,0,3.3320878349755976,255.8673023857109,138.04302983018152,665.7864415926651,0.02941001478576742,0.1757255725914537,1.0,0.0,0.0,0.0,0.0,False,2.820346689006895,0.3,"[1, 8, 10, 13, 17, 19, 24, 28, 29, 31, 33, 43, 48, 49, 56, 58, 64, 66, 67, 70, 71, 74, 80, 81, 85, 88, 92, 99, 101, 107, 108, 110, 111, 115, 117, 118, 119, 120, 127, 128, 129, 132, 140, 143, 158, 160, 161, 165, 171, 172, 176, 183, 184, 185, 187, 189, 190, 194, 197, 199, 203, 205, 206, 209, 216, 219, 221, 227]",False
quality_coverage_sample,1,3.5261715684056645,263.3279217444466,134.67561132734386,736.0574901364471,0.02950992650838396,0.3942614045824334,1.0,0.0,0.0,0.0,0.0,False,2.9173000842656593,0.3,"[0, 5, 6, 9, 12, 15, 16, 19, 29, 35, 38, 39, 40, 45, 47, 50, 56, 64, 65, 66, 69, 70, 72, 74, 79, 81, 83, 90, 96, 98, 99, 101, 109, 110, 112, 113, 120, 122, 123, 126, 127, 128, 129, 134, 137, 139, 142, 148, 154, 156, 158, 165, 167, 175, 177, 180, 194, 195, 200, 203, 205, 208, 209, 213, 216, 221, 223, 225]",False
quality_coverage_sample,2,3.2936627450995326,246.54146230743203,128.05398905178023,606.2226996872042,0.027741817845390128,0.13245940681347637,1.0,0.0,0.0,0.0,0.0,False,2.8189610449358304,0.3,"[0, 1, 7, 10, 12, 13, 15, 18, 19, 21, 26, 34, 36, 37, 44, 48, 49, 50, 56, 57, 61, 66, 68, 72, 83, 88, 93, 94, 95, 96, 98, 102, 113, 117, 118, 119, 123, 125, 126, 127, 128, 139, 143, 149, 155, 159, 161, 166, 174, 177, 179, 180, 185, 186, 188, 191, 192, 195, 197, 201, 202, 207, 218, 221, 222, 224, 226, 227]",False
quality_coverage_sample,3,3.44883226144051,263.9939778858443,155.091867305821,655.7730187836515,0.029437795894162223,0.3071783219637358,1.0,0.0,0.0,0.0,0.0,False,2.8862439515705813,0.3,"[0, 3, 4, 10, 15, 19, 26, 28, 32, 39, 44, 48, 60, 65, 67, 70, 71, 72, 73, 74, 88, 92, 96, 102, 103, 104, 113, 116, 118, 119, 120, 125, 126, 132, 134, 137, 139, 141, 143, 145, 146, 147, 148, 150, 151, 154, 155, 161, 162, 167, 170, 172, 175, 176, 177, 180, 184, 186, 192, 203, 205, 213, 217, 219, 221, 223, 225, 226]",False
quality_coverage_sample,4,3.305325560038571,256.940552799802,132.06280118355755,866.4004800141128,0.026074059212143785,0.1455915890990049,1.0,0.0,0.0,0.0,0.0,False,2.9167396768062495,0.3,"[1, 2, 3, 4, 7, 14, 15, 16, 21, 24, 27, 28, 30, 35, 36, 38, 39, 42, 53, 57, 60, 63, 65, 67, 71, 77, 78, 80, 84, 85, 88, 94, 100, 101, 103, 104, 108, 115, 117, 118, 119, 120, 127, 130, 138, 141, 144, 156, 158, 159, 161, 164, 165, 168, 177, 178, 184, 189, 190, 192, 193, 200, 205, 211, 216, 220, 222, 223]",False
quality_coverage_sample,5,3.284563819682868,249.8330710902233,140.41180420087795,572.4127088042478,0.02910599254750652,0.12221413174063714,1.0,0.0,0.0,0.0,0.0,False,2.8576429146893076,0.3,"[3, 5, 7, 8, 13, 16, 19, 21, 23, 26, 29, 32, 35, 41, 45, 46, 51, 52, 54, 55, 65, 68, 70, 78, 89, 90, 91, 92, 95, 103, 106, 107, 109, 113, 118, 120, 121, 126, 128, 129, 132, 135, 140, 141, 143, 144, 146, 148, 152, 156, 157, 158, 160, 167, 172, 177, 178, 180, 181, 183, 197, 206, 207, 211, 213, 217, 218, 222]",False
quality_coverage_sample,6,3.4577601052254328,272.33708324847044,154.22249669945808,679.0763250191968,0.029479388525711997,0.3172309612805006,1.0,0.0,0.0,0.0,0.0,False,2.832667282367484,0.3,"[1, 2, 4, 5, 13, 14, 15, 28, 29, 32, 33, 36, 38, 45, 50, 56, 60, 61, 62, 68, 70, 72, 74, 77, 84, 87, 90, 91, 96, 104, 106, 110, 113, 114, 120, 121, 125, 129, 135, 137, 138, 141, 142, 143, 144, 147, 148, 149, 153, 154, 155, 158, 160, 169, 171, 180, 185, 187, 190, 192, 196, 203, 205, 217, 218, 219, 221, 222]",False
quality_coverage_sample,7,3.3210122086217457,262.93283507727085,151.01632956722415,809.9789387321318,0.028585810226324424,0.16325455723491752,1.0,0.0,0.0,0.0,0.0,False,2.6966705946664242,0.3,"[1, 3, 5, 6, 11, 12, 17, 20, 25, 28, 31, 32, 41, 46, 50, 52, 56, 58, 60, 63, 66, 70, 73, 82, 83, 91, 96, 102, 103, 107, 113, 115, 118, 120, 121, 124, 125, 129, 131, 132, 134, 139, 140, 141, 143, 144, 145, 148, 152, 158, 160, 168, 171, 174, 175, 176, 178, 179, 191, 192, 196, 198, 201, 206, 219, 221, 222, 225]",False
quality_coverage_sample,8,3.308600810190322,251.76810683531096,133.7695188387816,726.9587498151576,0.028349794442489,0.14927947939378555,1.0,0.0,0.0,0.0,0.0,False,2.7997654853495115,0.3,"[0, 1, 2, 3, 6, 13, 15, 16, 20, 23, 27, 34, 35, 36, 39, 42, 45, 56, 58, 61, 63, 67, 73, 76, 82, 85, 90, 92, 99, 107, 108, 113, 114, 115, 116, 122, 123, 128, 131, 134, 141, 145, 148, 149, 150, 152, 169, 171, 173, 176, 177, 182, 184, 190, 191, 192, 195, 201, 207, 208, 209, 211, 215, 216, 219, 220, 225, 226]",False
quality_coverage_sample,9,3.377333802149845,247.7120048470678,130.99461890391416,579.2488784852809,0.027344455582358755,0.22667196003934115,1.0,0.0,0.0,0.0,0.0,False,2.887279748088111,0.3,"[0, 2, 3, 4, 6, 7, 14, 21, 23, 27, 32, 36, 37, 39, 42, 44, 46, 48, 49, 52, 57, 62, 64, 65, 66, 69, 71, 80, 81, 84, 85, 87, 88, 90, 94, 95, 97, 111, 114, 115, 119, 122, 125, 130, 131, 133, 140, 143, 145, 147, 151, 160, 161, 162, 163, 173, 182, 183, 184, 187, 194, 201, 204, 209, 213, 216, 220, 223]",False
quality_coverage_sample,10,3.5003034635259835,255.59893290143555,129.89187317483055,669.7921808824666,0.02750215596683712,0.3651342452785449,1.0,0.0,0.0,0.0,0.0,False,2.9082451617100205,0.3,"[1, 12, 14, 17, 18, 23, 27, 33, 35, 36, 44, 46, 51, 52, 54, 60, 61, 65, 68, 71, 73, 75, 77, 79, 94, 99, 104, 105, 107, 109, 117, 119, 121, 123, 124, 127, 128, 130, 135, 137, 143, 145, 147, 149, 150, 152, 156, 157, 161, 163, 171, 173, 176, 177, 178, 191, 192, 194, 198, 206, 208, 211, 212, 214, 216, 224, 226, 227]",False
quality_coverage_sample,11,3.3655315776778787,254.94573128565094,133.330879608727,706.5259039764784,0.028182329118168575,0.21338280438089033,1.0,0.0,0.0,0.0,0.0,False,2.8088741219214053,0.3,"[0, 4, 6, 13, 14, 16, 18, 23, 26, 28, 30, 35, 36, 39, 40, 45, 48, 49, 51, 52, 53, 60, 61, 68, 71, 76, 77, 92, 98, 102, 103, 113, 117, 118, 119, 120, 121, 123, 126, 128, 133, 135, 140, 141, 142, 143, 147, 150, 151, 153, 154, 157, 160, 162, 170, 171, 172, 173, 178, 185, 186, 197, 205, 209, 210, 211, 214, 224]",False
quality_coverage_sample,12,3.3532037676707773,255.04602458576943,134.00344388198693,725.5489363503601,0.029456102004821474,0.19950184604957627,1.0,0.0,0.0,0.0,0.0,False,2.8462399717064555,0.3,"[2, 3, 4, 5, 8, 10, 13, 19, 28, 29, 34, 40, 42, 43, 45, 47, 50, 52, 56, 63, 65, 66, 68, 70, 71, 74, 75, 83, 85, 92, 95, 96, 97, 99, 104, 105, 107, 109, 111, 116, 117, 121, 128, 132, 133, 148, 158, 159, 164, 168, 172, 177, 179, 180, 184, 188, 189, 192, 201, 202, 211, 213, 214, 218, 221, 222, 225, 226]",False
quality_coverage_sample,13,3.582310102724798,277.51732035305787,138.8869757601396,901.2396118875531,0.02847144018662296,0.45747268503014077,1.0,0.0,0.0,0.0,0.0,False,2.9471575735494855,0.3,"[1, 5, 6, 9, 12, 15, 17, 19, 24, 31, 35, 50, 51, 52, 53, 58, 60, 61, 63, 68, 70, 71, 72, 73, 74, 79, 83, 84, 87, 95, 96, 97, 99, 102, 107, 111, 112, 115, 117, 118, 120, 121, 126, 132, 135, 136, 138, 141, 145, 150, 164, 166, 174, 175, 176, 178, 184, 185, 192, 194, 200, 201, 205, 211, 212, 213, 214, 218]",False
quality_coverage_sample,14,3.295938829542576,247.96821928144092,150.79270169401025,604.7423806702078,0.028087924356164057,0.13502224914266847,1.0,0.0,0.0,0.0,0.0,False,2.8848795876093427,0.3,"[2, 5, 7, 9, 10, 11, 12, 13, 15, 17, 25, 28, 29, 32, 33, 36, 38, 42, 45, 46, 60, 61, 66, 68, 69, 71, 73, 76, 77, 82, 83, 84, 89, 92, 93, 95, 96, 99, 102, 111, 114, 115, 117, 121, 124, 134, 135, 142, 143, 144, 148, 152, 155, 160, 163, 164, 181, 185, 187, 192, 197, 201, 207, 209, 213, 216, 221, 222]",False
quality_coverage_sample,15,3.415947599147382,259.74234976058915,137.89854413725539,820.3134893567424,0.028587429635414427,0.2701506076521673,1.0,0.0,0.0,0.0,0.0,False,2.850901541158612,0.3,"[1, 4, 5, 6, 10, 13, 17, 18, 23, 30, 35, 38, 40, 52, 53, 55, 58, 60, 66, 69, 71, 74, 78, 81, 82, 84, 90, 92, 99, 100, 105, 106, 109, 111, 114, 117, 120, 132, 136, 137, 140, 141, 143, 145, 148, 149, 151, 154, 155, 156, 159, 162, 169, 170, 175, 180, 181, 189, 193, 195, 197, 206, 208, 210, 211, 213, 214, 224]",False
quality_coverage_sample,16,3.407491415899692,251.9644528114256,135.90975323762,635.7394778335273,0.028261562829147324,0.26062905214185955,1.0,0.0,0.0,0.0,0.0,False,2.865111095775514,0.3,"[4, 5, 11, 12, 20, 23, 27, 31, 36, 37, 39, 42, 43, 47, 55, 56, 58, 59, 61, 69, 73, 83, 84, 85, 88, 92, 93, 95, 102, 108, 110, 111, 112, 115, 122, 123, 129, 132, 136, 137, 139, 140, 141, 144, 145, 148, 149, 160, 162, 167, 170, 172, 175, 176, 178, 183, 184, 190, 191, 192, 194, 196, 200, 211, 221, 223, 224, 227]",False
quality_coverage_sample,17,3.3786216053831386,268.6068374612475,150.53456614484782,819.0151195818413,0.028420761409460437,0.2281220102112682,1.0,0.0,0.0,0.0,0.0,False,2.841091244888693,0.3,"[2, 4, 5, 7, 13, 15, 18, 21, 23, 30, 34, 36, 38, 44, 53, 54, 60, 71, 72, 74, 76, 77, 80, 81, 92, 94, 95, 102, 103, 112, 113, 116, 121, 123, 125, 126, 131, 133, 134, 137, 140, 143, 145, 149, 152, 158, 160, 166, 167, 176, 180, 184, 192, 195, 200, 201, 205, 206, 207, 211, 213, 215, 216, 218, 219, 221, 223, 226]",False
quality_coverage_sample,18,3.4051239331115792,251.00242607236186,151.7898080484164,733.6015309787247,0.027084035206566465,0.2579632964307508,1.0,0.0,0.0,0.0,0.0,False,2.8970808859034944,0.3,"[0, 3, 4, 6, 10, 16, 19, 21, 31, 39, 42, 43, 48, 50, 55, 56, 57, 59, 65, 72, 81, 83, 84, 90, 93, 96, 98, 104, 113, 114, 115, 119, 120, 124, 127, 130, 135, 137, 138, 141, 143, 144, 146, 147, 149, 150, 156, 158, 165, 172, 176, 178, 185, 187, 192, 194, 195, 196, 198, 201, 206, 207, 208, 209, 211, 222, 225, 226]",False
quality_coverage_sample,19,3.5363026246739127,265.51688052897254,140.06551814812119,744.3006999392613,0.02847832122069638,0.40566884595529223,1.0,0.0,0.0,0.0,0.0,False,2.958240169786199,0.3,"[1, 3, 5, 6, 7, 8, 9, 17, 18, 27, 33, 36, 42, 44, 55, 56, 60, 61, 66, 68, 69, 74, 75, 77, 78, 81, 82, 84, 92, 94, 97, 98, 101, 102, 107, 110, 113, 115, 116, 119, 121, 124, 128, 133, 135, 137, 140, 141, 142, 145, 148, 150, 152, 154, 157, 161, 163, 173, 183, 187, 199, 203, 207, 208, 214, 216, 217, 227]",False
quality_coverage_sample,20,3.305164610799219,266.1963067202969,133.64954253956742,873.6830888497758,0.026992309742355784,0.14541036228875953,1.0,0.0,0.0,0.0,0.0,False,2.8251197512657105,0.3,"[0, 1, 3, 5, 9, 10, 12, 16, 24, 27, 28, 30, 34, 36, 37, 39, 45, 51, 53, 57, 58, 59, 61, 67, 70, 71, 74, 84, 85, 88, 93, 94, 102, 105, 107, 108, 109, 112, 125, 133, 137, 140, 141, 143, 147, 148, 162, 163, 167, 172, 173, 177, 180, 181, 190, 191, 194, 195, 202, 203, 205, 207, 209, 210, 218, 221, 223, 227]",False
quality_coverage_sample,21,3.336453285743342,251.06076245390912,136.75596348722752,557.829780192573,0.02724053315555286,0.18064101500738616,1.0,0.0,0.0,0.0,0.0,False,2.8741394629995978,0.3,"[2, 3, 5, 7, 10, 13, 15, 17, 28, 33, 34, 35, 41, 42, 46, 48, 53, 56, 58, 59, 61, 70, 82, 84, 85, 89, 92, 97, 98, 100, 102, 108, 109, 112, 113, 117, 118, 123, 125, 131, 137, 140, 142, 143, 147, 156, 158, 159, 160, 161, 164, 165, 168, 169, 180, 182, 184, 186, 191, 194, 200, 203, 208, 212, 214, 224, 225, 227]",False
quality_coverage_sample,22,3.3519307070097835,251.61448914656444,135.9571015309125,618.33050650921,0.029274521639354945,0.19806839582781655,1.0,0.0,0.0,0.0,0.0,False,2.8175532947993527,0.3,"[0, 1, 3, 8, 12, 13, 18, 26, 28, 32, 33, 36, 37, 38, 41, 45, 46, 54, 61, 63, 70, 71, 72, 76, 77, 82, 83, 92, 112, 113, 115, 117, 118, 119, 120, 121, 126, 127, 128, 130, 132, 141, 142, 148, 149, 154, 160, 167, 174, 175, 178, 179, 184, 185, 191, 192, 194, 195, 204, 205, 207, 209, 212, 213, 217, 218, 221, 225]",False
quality_coverage_sample,23,3.5445816629913582,262.961694041426,133.6569207976582,873.302377831752,0.027857710323577405,0.4149909385120087,1.0,0.0,0.0,0.0,0.0,False,2.939429609634046,0.3,"[0, 9, 12, 14, 24, 28, 37, 38, 44, 49, 51, 52, 54, 55, 56, 60, 61, 63, 65, 67, 68, 70, 71, 81, 83, 85, 88, 92, 94, 98, 99, 100, 101, 102, 109, 111, 116, 118, 123, 124, 125, 136, 137, 140, 143, 146, 147, 148, 150, 153, 154, 161, 166, 174, 175, 178, 179, 180, 188, 189, 192, 193, 202, 205, 209, 214, 219, 222]",False
quality_coverage_sample,24,3.351017638476929,253.6630630204408,131.54226131615152,794.0504619354357,0.02745043281626745,0.19704029219457686,1.0,0.0,0.0,0.0,0.0,False,2.836263528158692,0.3,"[7, 8, 9, 13, 14, 17, 27, 31, 39, 41, 45, 46, 49, 50, 55, 57, 61, 64, 65, 67, 70, 71, 77, 78, 79, 84, 91, 92, 96, 99, 102, 107, 114, 119, 123, 125, 127, 128, 131, 135, 137, 139, 141, 142, 147, 148, 152, 153, 159, 161, 163, 165, 172, 178, 185, 187, 192, 195, 199, 200, 201, 203, 205, 207, 221, 222, 224, 226]",False
quality_coverage_sample,25,3.46998576763288,248.2903396638938,130.61890698504308,555.0787862844379,0.02726900857347367,0.33099690270503,1.0,0.0,0.0,0.0,0.0,False,2.9290363627861886,0.3,"[0, 1, 2, 16, 18, 19, 22, 29, 46, 49, 50, 55, 58, 60, 61, 62, 66, 81, 82, 90, 91, 94, 100, 103, 111, 115, 117, 118, 122, 126, 130, 135, 138, 141, 143, 144, 146, 148, 149, 150, 153, 154, 156, 157, 161, 167, 174, 175, 177, 178, 180, 183, 185, 189, 191, 192, 203, 205, 207, 208, 209, 214, 215, 216, 219, 221, 224, 225]",False
quality_coverage_sample,26,3.4790132007107077,270.4820472983938,152.79746036990443,905.0052907873603,0.02737928645367826,0.3411616783074989,1.0,0.0,0.0,0.0,0.0,False,2.9407904518460852,0.3,"[1, 7, 9, 10, 12, 15, 19, 23, 28, 29, 42, 44, 48, 53, 54, 60, 65, 69, 73, 74, 82, 92, 96, 99, 101, 104, 106, 107, 108, 110, 112, 113, 116, 121, 124, 131, 133, 136, 137, 141, 142, 147, 149, 154, 157, 158, 160, 163, 164, 169, 171, 176, 177, 179, 181, 189, 190, 192, 193, 203, 205, 207, 211, 212, 217, 218, 221, 222]",False
quality_coverage_sample,27,3.4890674873591903,259.48765894156213,135.09714969842565,864.9319503511272,0.026435283440111153,0.3524826780583288,1.0,0.0,0.0,0.0,0.0,False,2.872592525694057,0.3,"[3, 4, 5, 11, 12, 14, 17, 20, 24, 34, 35, 40, 41, 50, 51, 54, 55, 61, 62, 67, 68, 72, 77, 78, 79, 96, 100, 104, 111, 114, 117, 120, 121, 126, 129, 130, 132, 133, 134, 146, 148, 155, 156, 157, 158, 160, 162, 168, 175, 177, 178, 179, 182, 187, 188, 189, 191, 203, 205, 207, 209, 210, 211, 217, 219, 221, 223, 224]",False
quality_coverage_sample,28,3.2756193911619316,249.19538915658836,157.54854013988,666.0902549362856,0.02922899781951124,0.112142818220635,1.0,0.0,0.0,0.0,0.0,False,2.751645299533965,0.3,"[1, 3, 4, 5, 10, 13, 16, 19, 20, 28, 31, 35, 37, 39, 42, 43, 45, 48, 53, 54, 58, 59, 61, 63, 69, 75, 84, 92, 102, 103, 106, 107, 108, 116, 120, 122, 125, 132, 133, 135, 138, 146, 148, 152, 158, 159, 161, 165, 167, 171, 174, 179, 184, 191, 197, 198, 199, 204, 205, 206, 208, 216, 218, 219, 221, 223, 225, 226]",False
quality_coverage_sample,29,3.3405486158215094,263.0728212220946,132.3673026585063,792.7258808217543,0.029047414544926577,0.18525230493927777,1.0,0.0,0.0,0.0,0.0,False,2.7610610429251463,0.3,"[4, 5, 6, 9, 13, 14, 17, 32, 36, 37, 39, 40, 41, 42, 45, 51, 56, 57, 61, 63, 64, 68, 70, 78, 87, 90, 92, 105, 106, 113, 115, 116, 120, 121, 125, 126, 129, 131, 132, 133, 136, 138, 143, 144, 147, 148, 149, 150, 151, 153, 156, 157, 158, 159, 167, 172, 175, 182, 183, 185, 191, 192, 207, 211, 214, 216, 217, 227]",False
quality_coverage_sample,30,3.4937287436374036,259.3480737546184,142.10169259030982,733.7086924486532,0.028288220048239544,0.3577311937421513,1.0,0.0,0.0,0.0,0.0,False,2.9511385572152014,0.3,"[1, 4, 5, 9, 11, 12, 17, 23, 29, 36, 37, 40, 42, 48, 55, 57, 64, 67, 68, 72, 74, 80, 84, 85, 88, 89, 92, 94, 95, 98, 102, 105, 107, 113, 114, 116, 121, 122, 123, 129, 132, 133, 138, 140, 141, 142, 148, 149, 154, 155, 161, 162, 167, 169, 171, 177, 182, 183, 193, 200, 205, 209, 210, 211, 216, 217, 221, 225]",False
quality_coverage_sample,31,3.418523103021855,256.88108416743705,132.9309604399087,566.5871238100777,0.02776340350188313,0.27305059247859664,1.0,0.0,0.0,0.0,0.0,False,2.8788973864177354,0.3,"[0, 2, 6, 7, 10, 16, 25, 28, 29, 31, 38, 42, 45, 48, 52, 56, 58, 60, 65, 66, 69, 71, 74, 81, 90, 96, 101, 103, 106, 107, 112, 113, 115, 118, 125, 132, 134, 142, 143, 144, 147, 151, 155, 156, 158, 160, 161, 163, 164, 167, 172, 173, 183, 187, 196, 199, 201, 202, 203, 205, 207, 212, 214, 216, 217, 218, 219, 227]",False
quality_coverage_sample,32,3.410429367836088,257.5581152462837,133.80683875982518,654.2864514851656,0.028301039562113644,0.26393714890722386,1.0,0.0,0.0,0.0,0.0,False,2.774509462082621,0.3,"[0, 2, 3, 5, 8, 10, 22, 29, 30, 31, 34, 37, 38, 39, 42, 45, 49, 50, 54, 55, 56, 61, 65, 74, 75, 81, 82, 83, 89, 92, 96, 99, 100, 101, 103, 104, 106, 109, 113, 117, 118, 121, 126, 127, 138, 140, 144, 146, 147, 148, 149, 156, 159, 164, 167, 168, 170, 175, 189, 196, 198, 202, 211, 215, 216, 221, 222, 224]",False
quality_coverage_sample,33,3.4552856307197404,258.00490561677987,130.60679757020725,641.2330228568136,0.02895143595001604,0.31444473424701863,1.0,0.0,0.0,0.0,0.0,False,2.8912660176938108,0.3,"[0, 2, 6, 7, 10, 17, 19, 25, 26, 32, 33, 34, 39, 41, 45, 49, 50, 56, 57, 61, 68, 69, 71, 72, 75, 77, 80, 83, 88, 92, 94, 95, 97, 100, 103, 112, 114, 115, 116, 117, 126, 127, 136, 138, 140, 141, 143, 146, 147, 154, 165, 166, 167, 176, 183, 186, 187, 191, 194, 203, 205, 207, 214, 216, 217, 222, 223, 226]",False
quality_coverage_sample,34,3.4606937826739386,260.33734271029755,133.023154802095,778.032008146198,0.028075586786192784,0.32053424502649985,1.0,0.0,0.0,0.0,0.0,False,2.9642260306215356,0.3,"[0, 6, 7, 8, 10, 11, 12, 15, 17, 28, 29, 30, 36, 40, 42, 47, 49, 50, 56, 59, 65, 69, 72, 74, 77, 84, 87, 89, 90, 93, 96, 105, 108, 112, 115, 117, 120, 122, 123, 128, 131, 132, 135, 136, 141, 142, 143, 148, 157, 172, 174, 176, 180, 181, 182, 183, 185, 186, 189, 195, 197, 205, 211, 212, 214, 216, 217, 219]",False
quality_coverage_sample,35,3.309151608821978,254.3990096290339,132.8000664564392,581.058644590448,0.026788398016450006,0.14989967169481525,1.0,0.0,0.0,0.0,0.0,False,2.775037344530405,0.3,"[3, 4, 5, 11, 12, 15, 16, 20, 21, 23, 26, 27, 31, 33, 38, 41, 44, 46, 47, 53, 59, 61, 65, 66, 71, 74, 75, 77, 80, 81, 83, 84, 88, 92, 99, 113, 114, 115, 119, 125, 126, 128, 129, 133, 141, 145, 152, 155, 159, 160, 165, 168, 172, 176, 179, 187, 188, 189, 191, 192, 195, 196, 198, 212, 216, 217, 220, 223]",False
quality_coverage_sample,36,3.637182889760055,258.30397489081315,132.69981820106142,822.9060315230796,0.028390822705122387,0.5192587500263329,1.0,0.0,0.0,0.0,0.0,False,3.133393123490162,0.3,"[0, 8, 12, 13, 15, 16, 17, 19, 20, 28, 30, 35, 39, 41, 42, 43, 49, 53, 57, 61, 65, 72, 74, 78, 83, 84, 85, 99, 101, 103, 104, 109, 110, 112, 113, 116, 118, 122, 123, 134, 136, 142, 144, 149, 151, 154, 158, 160, 162, 163, 167, 172, 177, 178, 180, 183, 184, 201, 202, 203, 204, 208, 209, 210, 212, 221, 224, 227]",False
quality_coverage_sample,37,3.360661756431295,256.8849535802982,130.09196171770137,856.8329428459457,0.02813855949655469,0.2078994471774747,1.0,0.0,0.0,0.0,0.0,False,2.772719337555176,0.3,"[0, 4, 5, 6, 7, 11, 12, 21, 25, 30, 32, 41, 42, 43, 44, 50, 51, 53, 57, 58, 59, 63, 66, 68, 82, 83, 85, 92, 98, 101, 104, 108, 110, 112, 116, 120, 122, 125, 128, 140, 141, 144, 148, 149, 150, 155, 170, 171, 172, 173, 175, 176, 177, 178, 179, 189, 190, 203, 205, 208, 209, 211, 214, 216, 217, 218, 222, 224]",False
quality_coverage_sample,38,3.4856709646693167,253.36711122430975,135.73813609505618,644.1458453531453,0.026807313102503578,0.34865823641765303,1.0,0.0,0.0,0.0,0.0,False,2.8420093871496563,0.3,"[0, 3, 6, 14, 15, 22, 25, 26, 27, 28, 29, 36, 38, 39, 42, 44, 48, 53, 56, 57, 58, 63, 64, 73, 74, 84, 85, 92, 94, 95, 102, 103, 104, 106, 107, 109, 110, 112, 113, 122, 126, 129, 132, 136, 138, 139, 140, 143, 146, 148, 153, 155, 158, 159, 167, 169, 170, 175, 180, 183, 189, 202, 203, 210, 211, 214, 215, 224]",False
quality_coverage_sample,39,3.3609097708737283,255.7678385666932,135.4334260067724,793.998830822521,0.0272932648004061,0.20817870830649926,1.0,0.0,0.0,0.0,0.0,False,2.8428293512509994,0.3,"[0, 1, 3, 4, 8, 12, 14, 23, 25, 34, 35, 38, 45, 46, 55, 57, 58, 68, 69, 70, 73, 77, 83, 85, 88, 91, 92, 96, 99, 104, 105, 109, 111, 112, 114, 117, 122, 123, 126, 132, 133, 138, 140, 143, 146, 148, 150, 156, 163, 166, 168, 174, 176, 180, 182, 184, 191, 196, 200, 205, 208, 211, 213, 215, 216, 222, 225, 227]",False
quality_coverage_sample,40,3.569664890186562,261.80750162241924,126.33622649790463,724.6229023847084,0.027520065467725226,0.44323433545850144,1.0,0.0,0.0,0.0,0.0,False,2.9531662371501715,0.3,"[0, 4, 5, 7, 12, 13, 15, 26, 28, 30, 34, 35, 37, 44, 47, 49, 51, 57, 62, 64, 65, 66, 73, 76, 81, 83, 85, 95, 99, 101, 103, 104, 107, 109, 110, 112, 113, 116, 121, 123, 125, 126, 127, 131, 137, 138, 139, 141, 142, 163, 165, 167, 169, 171, 176, 180, 192, 194, 202, 203, 207, 209, 211, 217, 218, 223, 224, 227]",False
quality_coverage_sample,41,3.29371759718591,254.44716782748,131.08231938152494,687.0298222981509,0.02663666132412941,0.1325211695697934,1.0,0.0,0.0,0.0,0.0,False,2.7411338010874133,0.3,"[0, 1, 2, 5, 8, 11, 16, 23, 27, 28, 30, 39, 44, 45, 47, 49, 56, 57, 59, 61, 62, 63, 65, 68, 72, 73, 76, 82, 85, 92, 100, 103, 104, 112, 113, 115, 116, 117, 119, 122, 124, 132, 138, 139, 141, 143, 150, 152, 155, 157, 167, 169, 174, 175, 176, 178, 183, 185, 189, 198, 206, 210, 211, 214, 216, 217, 223, 226]",False
quality_coverage_sample,42,3.4383693158756587,262.19778697252144,131.39560059448775,763.008649164385,0.028230105565147632,0.2953971774356448,1.0,0.0,0.0,0.0,0.0,False,2.8661897886042778,0.3,"[0, 1, 2, 5, 9, 10, 15, 17, 20, 24, 37, 39, 40, 45, 46, 49, 52, 56, 58, 64, 66, 69, 70, 80, 81, 94, 95, 96, 100, 103, 104, 106, 109, 110, 112, 113, 115, 118, 121, 125, 126, 138, 139, 141, 146, 151, 154, 155, 156, 160, 162, 165, 172, 173, 176, 182, 190, 192, 195, 203, 205, 206, 209, 214, 223, 225, 226, 227]",False
quality_coverage_sample,43,3.291923101649246,254.89340129088333,137.21528883535663,696.6308194162444,0.02702206323283983,0.13050059026529298,1.0,0.0,0.0,0.0,0.0,False,2.7056164569455765,0.3,"[1, 3, 5, 7, 8, 9, 11, 12, 14, 24, 26, 29, 33, 37, 38, 45, 50, 56, 59, 64, 68, 70, 73, 75, 77, 82, 84, 85, 90, 92, 95, 96, 98, 113, 114, 122, 123, 126, 134, 136, 137, 142, 143, 144, 148, 150, 156, 162, 163, 171, 172, 183, 185, 190, 191, 192, 194, 195, 197, 201, 202, 204, 205, 216, 217, 220, 222, 227]",False
quality_coverage_sample,44,3.409085702945361,254.8454799528024,153.70734871815222,551.6512276285742,0.029633432148706295,0.26242419921472504,1.0,0.0,0.0,0.0,0.0,False,2.8482718604723325,0.3,"[2, 3, 4, 5, 10, 16, 17, 18, 30, 34, 35, 37, 42, 45, 48, 50, 51, 52, 53, 60, 65, 68, 69, 71, 81, 88, 92, 96, 99, 102, 105, 113, 114, 115, 116, 119, 122, 124, 127, 130, 131, 133, 135, 138, 140, 141, 146, 147, 148, 155, 157, 162, 163, 172, 176, 180, 183, 187, 190, 193, 201, 202, 205, 207, 211, 221, 222, 226]",False
quality_coverage_sample,45,3.4586355569122413,267.2946362924978,139.42736644816424,834.6745613088634,0.029072085806044957,0.31821670882030434,1.0,0.0,0.0,0.0,0.0,False,2.8664905722176455,0.3,"[0, 15, 17, 25, 27, 28, 29, 30, 31, 37, 39, 44, 53, 54, 55, 57, 58, 61, 69, 72, 77, 80, 82, 84, 85, 89, 90, 92, 94, 95, 106, 107, 110, 111, 114, 115, 116, 120, 121, 129, 131, 132, 134, 135, 136, 141, 144, 145, 149, 150, 154, 158, 161, 175, 176, 185, 187, 188, 190, 191, 192, 194, 201, 206, 207, 214, 221, 226]",False
quality_coverage_sample,46,3.3212250915349197,253.5586525830373,141.54724451387645,624.2497020786178,0.02764272649408506,0.16349426070581097,1.0,0.0,0.0,0.0,0.0,False,2.755988539937722,0.3,"[0, 2, 3, 7, 13, 14, 15, 16, 18, 23, 26, 34, 35, 38, 40, 47, 51, 53, 54, 56, 58, 61, 69, 84, 91, 93, 94, 104, 105, 106, 107, 113, 117, 118, 119, 121, 123, 124, 134, 136, 137, 140, 141, 143, 145, 148, 149, 151, 153, 155, 160, 167, 169, 170, 175, 177, 179, 186, 187, 189, 190, 197, 202, 211, 212, 216, 219, 221]",False
quality_coverage_sample,47,3.346005155148342,249.20813812359793,134.18560531123904,558.5843931934027,0.02746814934565323,0.19139629928906982,1.0,0.0,0.0,0.0,0.0,False,2.817238381926756,0.3,"[1, 3, 4, 5, 14, 17, 18, 20, 22, 28, 34, 36, 37, 42, 43, 47, 50, 51, 52, 53, 58, 66, 74, 83, 85, 88, 89, 91, 92, 100, 103, 109, 111, 114, 119, 123, 125, 126, 127, 129, 131, 135, 138, 140, 141, 143, 144, 146, 148, 152, 153, 155, 156, 160, 161, 166, 167, 172, 174, 179, 182, 186, 190, 196, 203, 214, 221, 222]",False
quality_coverage_sample,48,3.3334972539273444,242.28768638758365,128.90716615200017,569.2076050570539,0.02819598063982663,0.17731256052599295,1.0,0.0,0.0,0.0,0.0,False,2.7612938176560875,0.3,"[0, 3, 4, 13, 18, 20, 26, 28, 30, 34, 38, 42, 43, 44, 47, 55, 57, 59, 61, 63, 69, 82, 90, 92, 96, 97, 100, 103, 107, 113, 115, 117, 118, 121, 126, 127, 136, 138, 143, 146, 148, 149, 151, 157, 158, 160, 161, 162, 163, 169, 170, 171, 173, 177, 190, 191, 192, 201, 204, 205, 208, 211, 216, 217, 218, 221, 224, 227]",False
quality_coverage_sample,49,3.3243516752241598,260.6071347258327,140.84151720266186,606.6830095469351,0.028335802554010223,0.16701475444190086,1.0,0.0,0.0,0.0,0.0,False,2.8055398711531674,0.3,"[0, 1, 2, 3, 4, 8, 17, 21, 32, 33, 34, 41, 45, 46, 49, 52, 53, 61, 68, 69, 71, 75, 81, 85, 88, 91, 94, 97, 104, 107, 110, 112, 113, 114, 116, 117, 120, 121, 123, 126, 128, 133, 135, 136, 140, 141, 143, 146, 148, 152, 159, 162, 163, 172, 178, 182, 183, 188, 192, 195, 196, 198, 203, 207, 211, 212, 217, 225]",False
degree,0,4.0641337277927745,290.3976908467576,150.1115011120936,1149.6939984798476,0.10899258430104569,1.0,1.0,0.0,0.0,0.0,0.0,False,3.556166246916204,0.3,"[3, 6, 9, 10, 14, 18, 22, 24, 25, 26, 30, 31, 33, 34, 37, 39, 41, 47, 48, 51, 52, 54, 57, 58, 59, 60, 61, 63, 64, 65, 66, 67, 68, 69, 72, 74, 77, 81, 83, 84, 85, 86, 87, 89, 90, 92, 94, 95, 96, 99, 100, 102, 104, 107, 141, 142, 143, 145, 146, 148, 215, 217, 218, 219, 220, 222, 224, 227]",False
top_variance,0,3.2632097778954794,327.17686927655376,169.4829745868801,1223.7382949265732,0.03612129114978619,0.09816975045270891,1.0,0.0,0.0,0.0,0.0,False,2.623962395608931,0.3,"[0, 1, 5, 6, 7, 9, 11, 12, 15, 29, 30, 34, 36, 39, 52, 55, 58, 59, 60, 71, 75, 82, 84, 85, 95, 102, 104, 106, 112, 113, 114, 116, 117, 118, 121, 122, 125, 126, 129, 132, 136, 137, 141, 147, 150, 153, 159, 160, 161, 171, 175, 178, 180, 184, 185, 190, 191, 197, 198, 199, 205, 208, 209, 213, 216, 219, 221, 222]",False
coverage,0,3.428966862924897,248.90740551278046,127.78627719687863,800.2348565403248,0.030678170165319523,0.2848101341938618,1.0,0.0,0.0,0.0,0.0,False,2.9257230597507258,0.3,"[0, 1, 2, 3, 5, 8, 10, 13, 17, 21, 22, 29, 34, 36, 40, 42, 49, 51, 56, 58, 61, 63, 66, 70, 71, 87, 92, 93, 96, 104, 105, 109, 111, 112, 114, 116, 119, 123, 125, 130, 135, 137, 140, 141, 144, 145, 148, 149, 156, 160, 162, 166, 167, 171, 194, 195, 196, 199, 200, 211, 216, 217, 218, 221, 224, 225, 226, 227]",False
greedy_a_trace,0,3.3425489452953667,204.3489274714405,112.23963687191694,588.7424085103561,0.026486577010904247,0.18750465065676677,1.0,0.0,0.0,0.0,0.0,False,2.9214109171242346,0.3,"[2, 6, 9, 11, 13, 20, 21, 22, 23, 31, 41, 42, 43, 44, 45, 48, 49, 53, 54, 57, 63, 64, 65, 67, 73, 75, 77, 86, 89, 93, 100, 102, 103, 105, 111, 118, 122, 123, 124, 130, 135, 138, 143, 144, 146, 157, 165, 174, 176, 179, 182, 186, 188, 190, 191, 193, 194, 200, 201, 206, 208, 214, 215, 218, 220, 222, 224, 226]",False
greedy_d_logdet,0,3.971035953418789,219.18466552222594,114.75270960603146,1401.1204321306489,0.03775222713550294,0.8951730821549848,1.0,0.0,0.0,0.0,0.0,False,3.311441811123987,0.3,"[0, 1, 2, 6, 9, 10, 13, 16, 17, 20, 21, 22, 23, 25, 38, 42, 43, 47, 49, 50, 54, 56, 57, 62, 63, 64, 67, 73, 76, 86, 89, 94, 105, 108, 111, 114, 123, 124, 128, 130, 134, 135, 138, 140, 142, 143, 144, 148, 154, 167, 168, 169, 179, 181, 182, 188, 193, 195, 201, 204, 215, 218, 220, 223, 224, 225, 226, 227]",False
robust_coverage_cvar,0,3.290833371749459,222.71515650307623,103.00590943684838,567.2107988658464,0.02609319539117492,0.12927356816464255,1.0,0.0,0.0,0.0,0.0,False,2.8227311944087545,0.3,"[6, 10, 11, 12, 14, 20, 22, 23, 28, 38, 39, 41, 42, 44, 45, 49, 54, 57, 59, 62, 64, 65, 66, 71, 76, 82, 83, 86, 89, 91, 94, 95, 103, 104, 105, 114, 119, 122, 123, 124, 129, 130, 138, 139, 141, 154, 167, 169, 171, 173, 174, 179, 182, 188, 190, 194, 196, 201, 202, 206, 208, 211, 215, 217, 218, 220, 223, 227]",False
observability_proxy,0,4.030567452769325,284.79765903783243,151.27158573675453,992.7927090438429,0.08750332337654686,0.9622047983648729,1.0,0.0,0.0,0.0,0.0,False,3.483491756012826,0.3,"[3, 6, 9, 10, 12, 18, 22, 24, 25, 26, 30, 31, 33, 34, 37, 39, 41, 47, 48, 51, 52, 53, 54, 57, 58, 59, 60, 61, 63, 64, 65, 66, 67, 68, 69, 72, 74, 77, 81, 83, 84, 85, 86, 87, 90, 92, 94, 95, 96, 99, 100, 102, 104, 107, 129, 141, 142, 143, 145, 146, 148, 168, 200, 215, 217, 218, 219, 220]",False
graph_sampling_laplacian,0,3.9356015240251514,293.5234374933508,158.8188015514935,1401.5124157565235,0.09148418486246358,0.8552743622993384,1.0,0.0,0.0,0.0,0.0,False,3.2913851657487294,0.3,"[0, 13, 16, 17, 19, 27, 38, 40, 42, 43, 44, 45, 103, 105, 108, 109, 110, 111, 112, 113, 114, 116, 117, 118, 119, 120, 121, 122, 124, 125, 126, 128, 130, 131, 134, 135, 136, 137, 138, 140, 144, 149, 150, 156, 157, 159, 160, 161, 165, 173, 176, 179, 180, 181, 183, 190, 191, 192, 198, 199, 202, 203, 205, 209, 210, 211, 213, 226]",False
qr_pod_modes,0,3.3771223380311475,207.23095103135418,116.13856016716986,1054.1822525223533,0.029158090974314398,0.22643385411310477,1.0,0.0,0.0,0.0,0.0,False,3.131206811289183,0.3,"[2, 6, 9, 11, 13, 16, 17, 21, 22, 23, 25, 36, 38, 42, 46, 47, 49, 50, 54, 56, 57, 63, 64, 67, 68, 76, 82, 86, 89, 100, 105, 108, 111, 114, 117, 122, 123, 130, 135, 138, 140, 142, 143, 144, 145, 154, 159, 160, 161, 167, 169, 171, 177, 179, 181, 182, 193, 194, 195, 201, 204, 215, 218, 220, 222, 225, 226, 227]",False
scenario_average_a_trace,0,3.3200127456437536,226.98920752577402,107.13182139856853,618.2481565898225,0.029606542200164027,0.16212917454787026,1.0,0.0,0.0,0.0,0.0,False,2.8730826247426307,0.3,"[0, 1, 4, 6, 9, 10, 13, 20, 23, 28, 33, 34, 38, 41, 42, 45, 48, 49, 54, 57, 61, 62, 65, 69, 75, 76, 84, 86, 88, 94, 104, 108, 114, 120, 121, 123, 125, 128, 129, 138, 139, 140, 148, 151, 153, 154, 167, 168, 169, 171, 173, 182, 187, 188, 196, 198, 201, 206, 208, 214, 215, 216, 218, 220, 221, 224, 225, 227]",False
scenario_cvar_a_trace,0,3.4022090359593005,228.34325753968744,103.9977581041409,595.0932573214209,0.030562908965765537,0.25468115906105254,1.0,0.0,0.0,0.0,0.0,False,2.9261408679263186,0.3,"[6, 9, 10, 11, 12, 20, 22, 28, 38, 39, 41, 42, 44, 45, 49, 54, 57, 59, 62, 63, 64, 65, 66, 72, 76, 78, 82, 86, 89, 94, 96, 103, 104, 105, 115, 116, 118, 119, 122, 127, 130, 131, 138, 141, 146, 153, 154, 156, 167, 171, 175, 179, 182, 188, 193, 194, 196, 201, 208, 209, 211, 215, 218, 220, 222, 223, 224, 227]",False
swap_from_greedy_a_trace,0,3.3471815917153416,201.06732805506843,109.45196118797564,684.745808622567,0.02696778490684973,0.1927209520016398,1.0,0.0,0.0,0.0,0.0,False,2.9289445491487673,0.3,"[1, 2, 6, 9, 13, 21, 22, 23, 38, 41, 42, 43, 44, 45, 46, 47, 49, 54, 55, 56, 57, 63, 64, 65, 67, 85, 86, 89, 93, 100, 102, 103, 105, 106, 108, 111, 118, 122, 123, 128, 130, 135, 138, 142, 143, 144, 154, 157, 159, 174, 179, 182, 188, 191, 193, 194, 201, 204, 206, 208, 215, 218, 220, 222, 224, 225, 226, 227]",False
swap_from_scenario_average,0,3.3241648840065237,203.63939298740098,108.28231012518427,673.4379872023139,0.02891151606138857,0.16680442989056787,1.0,0.0,0.0,0.0,0.0,False,2.941331606257527,0.3,"[1, 4, 6, 9, 10, 13, 20, 21, 22, 23, 27, 38, 41, 42, 44, 45, 48, 49, 54, 55, 57, 61, 63, 64, 65, 69, 76, 86, 88, 94, 104, 105, 108, 111, 114, 123, 125, 128, 135, 138, 139, 140, 142, 143, 144, 154, 168, 173, 174, 179, 182, 188, 191, 194, 196, 198, 201, 204, 206, 208, 214, 215, 218, 220, 222, 224, 225, 226]",False
swap_from_scenario_cvar,0,3.2952471661504084,202.84900981716714,108.0542079764387,692.0799606628252,0.028915655736481506,0.13424344490084095,1.0,0.0,0.0,0.0,0.0,False,2.894978364989826,0.3,"[2, 6, 9, 11, 12, 13, 20, 21, 22, 23, 27, 38, 39, 41, 42, 44, 45, 47, 49, 54, 55, 56, 57, 59, 63, 64, 65, 67, 76, 78, 86, 89, 94, 104, 105, 108, 111, 118, 122, 123, 130, 135, 138, 143, 144, 146, 154, 159, 167, 171, 174, 179, 182, 188, 191, 193, 194, 196, 201, 204, 208, 215, 218, 220, 222, 224, 226, 227]",False
swap_from_best_random_trace,6,3.3872950827326935,206.5448043189843,115.8343213138645,583.3011469207811,0.02980603303622471,0.23788823613520885,1.0,0.0,0.0,0.0,0.0,False,2.908015822771725,0.3,"[5, 8, 10, 13, 14, 17, 21, 22, 24, 25, 27, 38, 42, 45, 46, 47, 49, 50, 54, 55, 56, 57, 59, 63, 64, 67, 75, 76, 86, 87, 89, 98, 102, 103, 108, 111, 118, 125, 130, 134, 135, 136, 138, 142, 143, 144, 151, 156, 158, 159, 168, 175, 176, 179, 182, 188, 193, 196, 201, 202, 204, 208, 215, 222, 224, 225, 226, 227]",False
multistart_swap_by_validation,45,3.198749135407786,215.39397068625695,117.78030337780888,492.00535025659326,0.02793242520440085,0.02558788134003022,1.0,0.0,0.0,0.0,0.0,False,2.7851191906741377,0.3,"[0, 1, 4, 5, 9, 10, 12, 13, 14, 19, 21, 22, 25, 27, 33, 36, 39, 40, 41, 42, 44, 46, 49, 54, 60, 62, 64, 67, 70, 73, 81, 83, 88, 89, 101, 102, 105, 108, 111, 118, 125, 128, 139, 140, 142, 144, 145, 148, 151, 153, 159, 174, 179, 180, 182, 185, 187, 191, 193, 196, 200, 201, 206, 208, 221, 224, 226, 227]",False
validation_swap,1,2.878570598425554,265.9747407325783,145.65205100656624,840.0595867752585,0.03023503583769771,0.6859433259773852,1.0,0.0,0.0,0.0,0.0,,,0.3,"[0, 1, 4, 5, 9, 10, 12, 14, 15, 19, 21, 25, 27, 30, 36, 39, 40, 41, 44, 51, 52, 53, 57, 60, 61, 62, 64, 67, 70, 73, 81, 83, 88, 90, 91, 95, 97, 99, 101, 102, 108, 116, 118, 125, 126, 128, 137, 140, 145, 148, 149, 153, 159, 176, 179, 180, 185, 187, 191, 196, 201, 203, 206, 207, 208, 211, 213, 221]",False
validation_swap,2,2.89244435468775,220.78806704339877,124.17421658032134,482.4937400639913,0.027541807246890978,1.0,1.0,0.0,0.0,0.0,0.0,,,0.3,"[0, 1, 4, 5, 9, 10, 12, 13, 14, 19, 21, 23, 25, 27, 36, 39, 40, 41, 42, 44, 46, 48, 49, 54, 57, 60, 62, 64, 67, 70, 73, 81, 83, 88, 89, 101, 102, 105, 108, 118, 123, 125, 128, 139, 140, 143, 144, 145, 148, 151, 153, 159, 174, 179, 180, 182, 185, 187, 191, 193, 196, 200, 201, 206, 208, 221, 226, 227]",False
validation_swap,3,2.8482683908895816,315.83707941438894,171.9626800681853,1324.493548577834,0.03422948290526164,0.0,1.0,0.0,0.0,0.0,0.0,,,0.3,"[0, 1, 5, 6, 7, 11, 12, 15, 21, 29, 30, 34, 36, 38, 39, 52, 55, 58, 59, 60, 64, 71, 75, 84, 85, 95, 102, 104, 108, 112, 113, 114, 116, 117, 118, 121, 122, 125, 126, 129, 132, 136, 137, 141, 147, 150, 153, 159, 160, 161, 171, 175, 178, 180, 184, 185, 190, 191, 198, 199, 205, 208, 209, 213, 216, 219, 221, 222]",False
